 RhoProf
          97           2
 Equal
   62.5000000000000        1.19559412861815     
   187.500000000000        1.18086586699975     
   312.500000000000        1.16629230610352     
   437.500000000000        1.15187291829793     
   562.500000000000        1.13760662607753     
   687.500000000000        1.12349227412480     
   812.500000000000        1.10952875005213     
   937.500000000000        1.09571479176136     
   1062.50000000000        1.08204906586450     
   1187.50000000000        1.06853039976507     
   1312.50000000000        1.05515759100013     
   1437.50000000000        1.04192921332949     
   1562.50000000000        1.02884464973956     
   1687.50000000000        1.01590262751910     
   1812.50000000000        1.00310141304899     
   1937.50000000000       0.990440552749907     
   2062.50000000000       0.977918693582705     
   2187.50000000000       0.965534549060906     
   2312.50000000000       0.953287288812010     
   2437.50000000000       0.941175471517203     
   2562.50000000000       0.929197944632096     
   2687.50000000000       0.917353723944324     
   2812.50000000000       0.905641929099463     
   2937.50000000000       0.894061281951897     
   3062.50000000000       0.882610449092338     
   3187.50000000000       0.871288534317748     
   3312.50000000000       0.860094448638699     
   3437.50000000000       0.849027265595349     
   3562.50000000000       0.838085824619383     
   3687.50000000000       0.827268925009257     
   3812.50000000000       0.816575427088799     
   3937.50000000000       0.806004219141181     
   4062.50000000000       0.795554409482672     
   4187.50000000000       0.785224902841950     
   4312.50000000000       0.775014606311832     
   4437.50000000000       0.764922354764454     
   4562.50000000000       0.754947001161122     
   4687.50000000000       0.745087553765482     
   4812.50000000000       0.735342967298476     
   4937.50000000000       0.725712159754089     
   5062.50000000000       0.716193985360324     
   5187.50000000000       0.706787181201246     
   5312.50000000000       0.697490630104351     
   5437.50000000000       0.688303150800766     
   5562.50000000000       0.679223728760478     
   5687.50000000000       0.670251346548134     
   5812.50000000000       0.661385104950601     
   5937.50000000000       0.652623722349341     
   6062.50000000000       0.643965699615990     
   6187.50000000000       0.635409741155465     
   6312.50000000000       0.626954475414056     
   6437.50000000000       0.618599142299489     
   6562.50000000000       0.610342496961842     
   6687.50000000000       0.602183289322167     
   6812.50000000000       0.594119989187509     
   6937.50000000000       0.586151310757715     
   7062.50000000000       0.578276074141706     
   7187.50000000000       0.570492966427402     
   7312.50000000000       0.562800907982245     
   7437.50000000000       0.555198898799830     
   7562.50000000000       0.547684406392094     
   7687.50000000000       0.540256285367760     
   7812.50000000000       0.532914014200031     
   7937.50000000000       0.525656136178967     
   8062.50000000000       0.518481100473177     
   8187.50000000000       0.511387448714543     
   8312.50000000000       0.504373693752086     
   8437.50000000000       0.497438485564869     
   8562.50000000000       0.490581154517673     
   8687.50000000000       0.483800346694626     
   8812.50000000000       0.477094181891522     
   8937.50000000000       0.470461450239241     
   9062.50000000000       0.463901171372487     
   9187.50000000000       0.457412216681001     
   9312.50000000000       0.450993333761562     
   9437.50000000000       0.444643241370136     
   9562.50000000000       0.438360930354541     
   9687.50000000000       0.432145325107191     
   9812.50000000000       0.425995355887884     
   9937.50000000000       0.419909986637425     
   10062.5000000000       0.413888302705928     
   10187.5000000000       0.407929333568890     
   10312.5000000000       0.402032181400172     
   10437.5000000000       0.396196045357292     
   10562.5000000000       0.390420055505827     
   10687.5000000000       0.384703452028543     
   10812.5000000000       0.379045425474327     
   10937.5000000000       0.373445230525872     
   11062.5000000000       0.367902283990452     
   11187.5000000000       0.362415785349169     
   11312.5000000000       0.356985394008053     
   11437.5000000000       0.351610422819703     
   11562.5000000000       0.346290252679406     
   11687.5000000000       0.341024273495676     
   11812.5000000000       0.335811949485416     
   11937.5000000000       0.330652916196755     
   12062.5000000000       0.325546638590015     
 RhoVProf
          97           2
 Equal
   62.5000000000000       1.395697823043337E-002  1.167367578708723E-002
   187.500000000000       1.348258006106678E-002  1.141753728162389E-002
   312.500000000000       1.301945382360105E-002  1.116311387416921E-002
   437.500000000000       1.256745448140167E-002  1.091045225715696E-002
   562.500000000000       1.212642857654113E-002  1.065959734987925E-002
   687.500000000000       1.169621122958573E-002  1.041058447749192E-002
   812.500000000000       1.127664465489377E-002  1.016345421816600E-002
   937.500000000000       1.086756515319213E-002  9.918242625640306E-003
   1062.50000000000       1.046882238598550E-002  9.674997850140438E-003
   1187.50000000000       1.008024748265664E-002  9.433748899304040E-003
   1312.50000000000       9.701684201533290E-003  9.194535758717828E-003
   1437.50000000000       9.333037300949728E-003  8.957458128202358E-003
   1562.50000000000       8.974061272198117E-003  8.722464829330459E-003
   1687.50000000000       8.624634414719012E-003  8.489627038155161E-003
   1812.50000000000       8.284724166954105E-003  8.259109257729170E-003
   1937.50000000000       7.954041194384802E-003  8.030811311492466E-003
   2062.50000000000       7.632486353877981E-003  7.804827133343350E-003
   2187.50000000000       7.319949790295763E-003  7.581240668617466E-003
   2312.50000000000       7.016227594487279E-003  7.360034773180419E-003
   2437.50000000000       6.721251278713302E-003  7.141337064254814E-003
   2562.50000000000       6.434890440762029E-003  6.925209507765151E-003
   2687.50000000000       6.156981683661899E-003  6.711676775223489E-003
   2812.50000000000       5.887342494166028E-003  6.500739757069534E-003
   2937.50000000000       5.625877969454231E-003  6.292497039097730E-003
   3062.50000000000       5.372507060540004E-003  6.087064872237806E-003
   3187.50000000000       5.127059078230229E-003  5.884456039863894E-003
   3312.50000000000       4.889401895890593E-003  5.684726722314295E-003
   3437.50000000000       4.659370613823283E-003  5.487892795240296E-003
   3562.50000000000       4.436852578057309E-003  5.294031288588260E-003
   3687.50000000000       4.221745520339766E-003  5.103232325924157E-003
   3812.50000000000       4.013939503992513E-003  4.915577141848052E-003
   3937.50000000000       3.813315925240463E-003  4.731136431647534E-003
   4062.50000000000       3.619713222755882E-003  4.549925410016499E-003
   4187.50000000000       3.433006220256421E-003  4.372003750557838E-003
   4312.50000000000       3.253064572418835E-003  4.197423565859795E-003
   4437.50000000000       3.079780157806116E-003  4.026265069419345E-003
   4562.50000000000       2.913040103226286E-003  3.858602125375660E-003
   4687.50000000000       2.752714373866321E-003  3.694484440056483E-003
   4812.50000000000       2.598678331735362E-003  3.533967750154001E-003
   4937.50000000000       2.450807822117165E-003  3.377107285824774E-003
   5062.50000000000       2.308976137715237E-003  3.223953544588298E-003
   5187.50000000000       2.173057349778228E-003  3.074556822160993E-003
   5312.50000000000       2.042910735385221E-003  2.928943626209836E-003
   5437.50000000000       1.918400785640450E-003  2.787145145868645E-003
   5562.50000000000       1.799410989384095E-003  2.649216912176872E-003
   5687.50000000000       1.685831462365355E-003  2.515222790744947E-003
   5812.50000000000       1.577584331129428E-003  2.385273450098727E-003
   5937.50000000000       1.474527891030353E-003  2.259384451613694E-003
   6062.50000000000       1.376490643242589E-003  2.137521678659933E-003
   6187.50000000000       1.283305255276043E-003  2.019649955227959E-003
   6312.50000000000       1.194812473690724E-003  1.905740401488706E-003
   6437.50000000000       1.110969436668807E-003  1.795944030150210E-003
   6562.50000000000       1.031625567248229E-003  1.690240434483012E-003
   6687.50000000000       9.566297504394618E-004  1.588602286716174E-003
   6812.50000000000       8.858355207504426E-004  1.491004404618452E-003
   6937.50000000000       8.190891129122443E-004  1.397402168824654E-003
   7062.50000000000       7.562393866000006E-004  1.307748012439271E-003
   7187.50000000000       6.972086225367233E-004  1.222116070777966E-003
   7312.50000000000       6.418539291634473E-004  1.140463563686532E-003
   7437.50000000000       5.899881573020412E-004  1.062660892479101E-003
   7562.50000000000       5.414623847151936E-004  9.886394032689589E-004
   7687.50000000000       4.961358860434368E-004  9.183343155474999E-004
   7812.50000000000       4.538948558227598E-004  8.517224988051994E-004
   7937.50000000000       4.146130007452289E-004  7.887532784437394E-004
   8062.50000000000       3.781333153480977E-004  7.293097376220749E-004
   8187.50000000000       3.442953251718575E-004  6.732572847403681E-004
   8312.50000000000       3.129357990226413E-004  6.204443310567617E-004
   8437.50000000000       2.839512995445339E-004  5.708269620958083E-004
   8562.50000000000       2.572550804943075E-004  5.243884281434216E-004
   8687.50000000000       2.327159332168301E-004  4.810164664138205E-004
   8812.50000000000       2.101547670470546E-004  4.404890586044450E-004
   8937.50000000000       1.894268505917993E-004  4.026405362128418E-004
   9062.50000000000       1.704575770899401E-004  3.674437307102037E-004
   9187.50000000000       1.531457821508379E-004  3.348091208889628E-004
   9312.50000000000       1.373643202917310E-004  3.045817088825417E-004
   9437.50000000000       1.229816960371042E-004  2.765851014807849E-004
   9562.50000000000       1.099236102745215E-004  2.507605095773855E-004
   9687.50000000000       9.808432688739525E-005  2.269706998752472E-004
   9812.50000000000       8.736929484564388E-005  2.050944772943446E-004
   9937.50000000000       7.768916421669839E-005  1.850138522277626E-004
   10062.5000000000       6.896129832254004E-005  1.666181379654448E-004
   10187.5000000000       6.110850143352073E-005  1.498016847646011E-004
   10312.5000000000       5.405667451923079E-005  1.344585757562135E-004
   10437.5000000000       4.773678277912410E-005  1.204877820930160E-004
   10562.5000000000       4.207597057061703E-005  1.077710275823396E-004
   10687.5000000000       3.702472938291725E-005  9.624225929787129E-005
   10812.5000000000       3.252168338788788E-005  8.579890747181851E-005
   10937.5000000000       2.851016031634099E-005  7.634361878499293E-005
   11062.5000000000       2.495271064194678E-005  6.782428848034651E-005
   11187.5000000000       2.178844633612636E-005  6.012002571889724E-005
   11312.5000000000       1.900114208688048E-005  5.322666530847441E-005
   11437.5000000000       1.654158986588559E-005  4.704522048360244E-005
   11562.5000000000       1.437371113285422E-005  4.150769772362416E-005
   11687.5000000000       1.246610074506049E-005  3.655487809497101E-005
   11812.5000000000       1.078473441550137E-005  3.211539801376165E-005
   11937.5000000000       9.313109156621020E-006  2.816581587648616E-005
   12062.5000000000       8.019912310166613E-006  2.463521769077974E-005
 RhoLProf
          97           2
 Equal
   62.5000000000000       9.486043385616288E-003  7.934166920491745E-003
   187.500000000000       9.671652117813212E-003  8.190305425955079E-003
   312.500000000000       9.849022265536399E-003  8.444728833409762E-003
   437.500000000000       1.001828851970418E-002  8.697390450422010E-003
   562.500000000000       1.017958321068671E-002  8.948245357699716E-003
   687.500000000000       1.033304856463351E-002  9.197258230087046E-003
   812.500000000000       1.047882055566512E-002  9.444388489412987E-003
   937.500000000000       1.061703813603230E-002  9.689600081938667E-003
   1062.50000000000       1.074782549936837E-002  9.932844857438543E-003
   1187.50000000000       1.087132852420335E-002  1.017409380827494E-002
   1312.50000000000       1.098767987450527E-002  1.041330694886114E-002
   1437.50000000000       1.109694682644641E-002  1.065038457937662E-002
   1562.50000000000       1.119936279042934E-002  1.088537787824852E-002
   1687.50000000000       1.129502451189167E-002  1.111821566942382E-002
   1812.50000000000       1.138393055986063E-002  1.134873344984978E-002
   1937.50000000000       1.146636137514293E-002  1.157703139608649E-002
   2062.50000000000       1.154238957069282E-002  1.180301557423561E-002
   2187.50000000000       1.161209977642366E-002  1.202660203896150E-002
   2312.50000000000       1.167567961967303E-002  1.224780793439856E-002
   2437.50000000000       1.173316932702750E-002  1.246650564332417E-002
   2562.50000000000       1.178467670178980E-002  1.268263319981383E-002
   2687.50000000000       1.183034584265022E-002  1.289616593235548E-002
   2812.50000000000       1.187034200100463E-002  1.310710295050944E-002
   2937.50000000000       1.190473501799499E-002  1.331534566848126E-002
   3062.50000000000       1.193357979732823E-002  1.352077783534121E-002
   3187.50000000000       1.195702945558919E-002  1.372338666771509E-002
   3312.50000000000       1.197519476667881E-002  1.392311598526459E-002
   3437.50000000000       1.198822246441608E-002  1.411994991233854E-002
   3562.50000000000       1.199620244653110E-002  1.431381141899062E-002
   3687.50000000000       1.199921343810973E-002  1.450461038165487E-002
   3812.50000000000       1.199734302923892E-002  1.469226556573108E-002
   3937.50000000000       1.199068802532494E-002  1.487670627593159E-002
   4062.50000000000       1.197939250370123E-002  1.505791729756248E-002
   4187.50000000000       1.196356016474237E-002  1.523583895702094E-002
   4312.50000000000       1.194329992421966E-002  1.541041914171898E-002
   4437.50000000000       1.191869705792618E-002  1.558157763815956E-002
   4562.50000000000       1.188984194809957E-002  1.574924058220350E-002
   4687.50000000000       1.185684518374220E-002  1.591335826752270E-002
   4812.50000000000       1.181981090717745E-002  1.607387495742484E-002
   4937.50000000000       1.177884205731805E-002  1.623073542175368E-002
   5062.50000000000       1.173404287534363E-002  1.638388916298999E-002
   5187.50000000000       1.168551452694886E-002  1.653328588541790E-002
   5312.50000000000       1.163337582971152E-002  1.667889908136983E-002
   5437.50000000000       1.157773913039286E-002  1.682069756171159E-002
   5562.50000000000       1.151870104740717E-002  1.695862579540288E-002
   5687.50000000000       1.145635151529287E-002  1.709261991683316E-002
   5812.50000000000       1.139075077587608E-002  1.722256925747801E-002
   5937.50000000000       1.132201540402871E-002  1.734845825596299E-002
   6062.50000000000       1.125028750390401E-002  1.747032102891938E-002
   6187.50000000000       1.117570900416458E-002  1.758819275235227E-002
   6312.50000000000       1.109841226504064E-002  1.770210230609006E-002
   6437.50000000000       1.101842524458301E-002  1.781189867742905E-002
   6562.50000000000       1.093587411093112E-002  1.791760227309688E-002
   6687.50000000000       1.085088546772201E-002  1.801924042086264E-002
   6812.50000000000       1.076357577666657E-002  1.811683830296022E-002
   6937.50000000000       1.067407359126634E-002  1.821044053875445E-002
   7062.50000000000       1.058250691672683E-002  1.830009469513967E-002
   7187.50000000000       1.048892772895188E-002  1.838572663680095E-002
   7312.50000000000       1.039345775023502E-002  1.846737914389239E-002
   7437.50000000000       1.029626452178604E-002  1.854518181509980E-002
   7562.50000000000       1.019744730921471E-002  1.861920330430997E-002
   7687.50000000000       1.009712437922850E-002  1.868950839203146E-002
   7812.50000000000       9.995399311275951E-003  1.875612020877377E-002
   7937.50000000000       9.892369835725685E-003  1.881908942913526E-002
   8062.50000000000       9.788162549582449E-003  1.887853296995696E-002
   8187.50000000000       9.682909331853050E-003  1.893458542283868E-002
   8312.50000000000       9.576744253908876E-003  1.898739837652221E-002
   8437.50000000000       9.469744282107700E-003  1.903701574548313E-002
   8562.50000000000       9.361983032590704E-003  1.908345427943553E-002
   8687.50000000000       9.253565166643574E-003  1.912682624116517E-002
   8812.50000000000       9.144632908183003E-003  1.916735364897456E-002
   8937.50000000000       9.035307265678737E-003  1.920520217136613E-002
   9062.50000000000       8.925643623043414E-003  1.924039897686875E-002
   9187.50000000000       8.815721015055268E-003  1.927303358669001E-002
   9312.50000000000       8.705642030271641E-003  1.930326099869644E-002
   9437.50000000000       8.595513041736596E-003  1.933125760609819E-002
   9562.50000000000       8.485388561265333E-003  1.935708219800166E-002
   9687.50000000000       8.375353234630000E-003  1.938087200770379E-002
   9812.50000000000       8.265480637563109E-003  1.940274823028462E-002
   9937.50000000000       8.155839805111528E-003  1.942282885535121E-002
   10062.5000000000       8.046495439642141E-003  1.944122456961357E-002
   10187.5000000000       7.937505706992812E-003  1.945804102281441E-002
   10312.5000000000       7.828927101760186E-003  1.947338413182273E-002
   10437.5000000000       7.720812955951463E-003  1.948735492548591E-002
   10562.5000000000       7.613219067671882E-003  1.950007167999662E-002
   10687.5000000000       7.506180047055414E-003  1.951160044828111E-002
   10812.5000000000       7.399741398340071E-003  1.952204380010716E-002
   10937.5000000000       7.293945179730528E-003  1.953149908879398E-002
   11062.5000000000       7.188817405601878E-003  1.954001841909861E-002
   11187.5000000000       7.084403267534061E-003  1.954772268186004E-002
   11312.5000000000       6.980712312526103E-003  1.955461604227045E-002
   11437.5000000000       6.877780275128170E-003  1.956079748709534E-002
   11562.5000000000       6.775631094572721E-003  1.956633500985535E-002
   11687.5000000000       6.674284213424552E-003  1.957128782948401E-002
   11812.5000000000       6.573763150419999E-003  1.957572730956521E-002
   11937.5000000000       6.474077262431643E-003  1.957967689170247E-002
   12062.5000000000       6.375247371143889E-003  1.958320748988814E-002
 LWP
   19652.8312711303     
 ThetaProf
          97           2
 Equal
   62.5000000000000        320.000000000000     
   187.500000000000        320.000000000000     
   312.500000000000        320.000000000000     
   437.500000000000        320.000000000000     
   562.500000000000        320.000000000000     
   687.500000000000        320.000000000000     
   812.500000000000        320.000000000000     
   937.500000000000        320.000000000000     
   1062.50000000000        320.000000000000     
   1187.50000000000        320.000000000000     
   1312.50000000000        320.000000000000     
   1437.50000000000        320.000000000000     
   1562.50000000000        320.000000000000     
   1687.50000000000        320.000000000000     
   1812.50000000000        320.000000000000     
   1937.50000000000        320.000000000000     
   2062.50000000000        320.000000000000     
   2187.50000000000        320.000000000000     
   2312.50000000000        320.000000000000     
   2437.50000000000        320.000000000000     
   2562.50000000000        320.000000000000     
   2687.50000000000        320.000000000000     
   2812.50000000000        320.000000000000     
   2937.50000000000        320.000000000000     
   3062.50000000000        320.000000000000     
   3187.50000000000        320.000000000000     
   3312.50000000000        320.000000000000     
   3437.50000000000        320.000000000000     
   3562.50000000000        320.000000000000     
   3687.50000000000        320.000000000000     
   3812.50000000000        320.000000000000     
   3937.50000000000        320.000000000000     
   4062.50000000000        320.000000000000     
   4187.50000000000        320.000000000000     
   4312.50000000000        320.000000000000     
   4437.50000000000        320.000000000000     
   4562.50000000000        320.000000000000     
   4687.50000000000        320.000000000000     
   4812.50000000000        320.000000000000     
   4937.50000000000        320.000000000000     
   5062.50000000000        320.000000000000     
   5187.50000000000        320.000000000000     
   5312.50000000000        320.000000000000     
   5437.50000000000        320.000000000000     
   5562.50000000000        320.000000000000     
   5687.50000000000        320.000000000000     
   5812.50000000000        320.000000000000     
   5937.50000000000        320.000000000000     
   6062.50000000000        320.000000000000     
   6187.50000000000        320.000000000000     
   6312.50000000000        320.000000000000     
   6437.50000000000        320.000000000000     
   6562.50000000000        320.000000000000     
   6687.50000000000        320.000000000000     
   6812.50000000000        320.000000000000     
   6937.50000000000        320.000000000000     
   7062.50000000000        320.000000000000     
   7187.50000000000        320.000000000000     
   7312.50000000000        320.000000000000     
   7437.50000000000        320.000000000000     
   7562.50000000000        320.000000000000     
   7687.50000000000        320.000000000000     
   7812.50000000000        320.000000000000     
   7937.50000000000        320.000000000000     
   8062.50000000000        320.000000000000     
   8187.50000000000        320.000000000000     
   8312.50000000000        320.000000000000     
   8437.50000000000        320.000000000000     
   8562.50000000000        320.000000000000     
   8687.50000000000        320.000000000000     
   8812.50000000000        320.000000000000     
   8937.50000000000        320.000000000000     
   9062.50000000000        320.000000000000     
   9187.50000000000        320.000000000000     
   9312.50000000000        320.000000000000     
   9437.50000000000        320.000000000000     
   9562.50000000000        320.000000000000     
   9687.50000000000        320.000000000000     
   9812.50000000000        320.000000000000     
   9937.50000000000        320.000000000000     
   10062.5000000000        320.000000000000     
   10187.5000000000        320.000000000000     
   10312.5000000000        320.000000000000     
   10437.5000000000        320.000000000000     
   10562.5000000000        320.000000000000     
   10687.5000000000        320.000000000000     
   10812.5000000000        320.000000000000     
   10937.5000000000        320.000000000000     
   11062.5000000000        320.000000000000     
   11187.5000000000        320.000000000000     
   11312.5000000000        320.000000000000     
   11437.5000000000        320.000000000000     
   11562.5000000000        320.000000000000     
   11687.5000000000        320.000000000000     
   11812.5000000000        320.000000000000     
   11937.5000000000        320.000000000000     
   12062.5000000000        320.000000000000     
 ThProf
          97           2
 Equal
   62.5000000000000        322.285033974994     
   187.500000000000        322.239684173019     
   312.500000000000        322.194466074769     
   437.500000000000        322.149390168566     
   562.500000000000        322.104466839189     
   687.500000000000        322.059704724094     
   812.500000000000        322.015113546368     
   937.500000000000        321.970702267446     
   1062.50000000000        321.926482312611     
   1187.50000000000        321.882461406499     
   1312.50000000000        321.838649504082     
   1437.50000000000        321.795068482386     
   1562.50000000000        321.751710374403     
   1687.50000000000        321.708591546404     
   1812.50000000000        321.665747176086     
   1937.50000000000        321.623159697373     
   2062.50000000000        321.580850365591     
   2187.50000000000        321.538838608297     
   2312.50000000000        321.497123609259     
   2437.50000000000        321.455733819706     
   2562.50000000000        321.414684625958     
   2687.50000000000        321.373983955442     
   2812.50000000000        321.333634943370     
   2937.50000000000        321.293660689893     
   3062.50000000000        321.254088107844     
   3187.50000000000        321.214923102178     
   3312.50000000000        321.176180542818     
   3437.50000000000        321.137867101549     
   3562.50000000000        321.100002127167     
   3687.50000000000        321.062607834746     
   3812.50000000000        321.025704773694     
   3937.50000000000        320.989311467964     
   4062.50000000000        320.953435007971     
   4187.50000000000        320.918091820635     
   4312.50000000000        320.883296868419     
   4437.50000000000        320.849071124122     
   4562.50000000000        320.815434388748     
   4687.50000000000        320.782401515640     
   4812.50000000000        320.749988738749     
   4937.50000000000        320.718212297137     
   5062.50000000000        320.687087543043     
   5187.50000000000        320.656629892657     
   5312.50000000000        320.626849788522     
   5437.50000000000        320.597758736877     
   5562.50000000000        320.569373534015     
   5687.50000000000        320.541712880166     
   5812.50000000000        320.514805683295     
   5937.50000000000        320.488660556875     
   6062.50000000000        320.463275412576     
   6187.50000000000        320.438647875219     
   6312.50000000000        320.414776882709     
   6437.50000000000        320.391700489729     
   6562.50000000000        320.369419654600     
   6687.50000000000        320.347933795713     
   6812.50000000000        320.327242762466     
   6937.50000000000        320.307342100780     
   7062.50000000000        320.288226636330     
   7187.50000000000        320.269917963081     
   7312.50000000000        320.252411987824     
   7437.50000000000        320.235685317249     
   7562.50000000000        320.219727855785     
   7687.50000000000        320.204530254548     
   7812.50000000000        320.190092345537     
   7937.50000000000        320.176407779052     
   8062.50000000000        320.163455291479     
   8187.50000000000        320.151209446356     
   8312.50000000000        320.139640743505     
   8437.50000000000        320.128743679602     
   8562.50000000000        320.118518823173     
   8687.50000000000        320.108945110007     
   8812.50000000000        320.099976379400     
   8937.50000000000        320.091578870931     
   9062.50000000000        320.083750077770     
   9187.50000000000        320.076473224587     
   9312.50000000000        320.069716400088     
   9437.50000000000        320.063442503842     
   9562.50000000000        320.057641134900     
   9687.50000000000        320.052283731232     
   9812.50000000000        320.047345181240     
   9937.50000000000        320.042800893807     
   10062.5000000000        320.038627754850     
   10187.5000000000        320.034803617878     
   10312.5000000000        320.031306080421     
   10437.5000000000        320.028113684554     
   10562.5000000000        320.025200752759     
   10687.5000000000        320.022553620150     
   10812.5000000000        320.020149927549     
   10937.5000000000        320.017968348035     
   11062.5000000000        320.015998040225     
   11187.5000000000        320.014211809458     
   11312.5000000000        320.012609873787     
   11437.5000000000        320.011169942127     
   11562.5000000000        320.009876901670     
   11687.5000000000        320.008717599083     
   11812.5000000000        320.007675862710     
   11937.5000000000        320.006746856504     
   12062.5000000000        320.005914305770     
 ThMProf
          97           2
 Equal
   62.5000000000000        3100.28310100970        289.536225920280       0.999999845938357     
   187.500000000000        3070.21441005316        288.963687494303       0.999999977331773     
   312.500000000000        3040.29565513372        288.387669332548       0.999999959382992     
   437.500000000000        3010.52907461957        287.808110426748       0.999999784593140     
   562.500000000000        2980.91560497760        287.224930308850       0.999999837850794     
   687.500000000000        2951.45617762009        286.638038937640       0.999999923044677     
   812.500000000000        2922.15169637695        286.047348001091        1.00000001670547     
   937.500000000000        2893.00276922670        285.452760560447       0.999999792049003     
   1062.50000000000        2864.00953541596        284.854172921312        1.00000021961249     
   1187.50000000000        2835.17290224556        284.251480327195        1.00000025472400     
   1312.50000000000        2806.49345878908        283.644579547552       0.999999501716081     
   1437.50000000000        2777.97009256671        283.033385254604        1.00000254331546     
   1562.50000000000        2749.60647466737        282.417752174757        1.00000160027831     
   1687.50000000000        2721.40235713002        281.797581345384       0.999998278231153     
   1812.50000000000        2693.35467926903        281.172803487347        1.00000305638828     
   1937.50000000000        2665.46826438542        280.543241000744        1.00000295335943     
   2062.50000000000        2637.74221659427        279.908793479371        1.00000164162377     
   2187.50000000000        2610.17598705312        279.269352036267        1.00000234877595     
   2312.50000000000        2582.77186093004        278.624762697002       0.999998173363719     
   2437.50000000000        2555.52813383848        277.974928450444       0.999996662790999     
   2562.50000000000        2528.44493909144        277.319723121189       0.999998993395132     
   2687.50000000000        2501.52341285017        276.659000892968        1.00000212985359     
   2812.50000000000        2474.76528446974        275.992602276298       0.999999582483562     
   2937.50000000000        2448.16970258342        275.320407563797       0.999995870308607     
   3062.50000000000        2421.73541928011        274.642301310180       0.999998536206032     
   3187.50000000000        2395.46388547019        273.958121547814        1.00000219816220     
   3312.50000000000        2369.35537746595        273.267724843838        1.00000637914312     
   3437.50000000000        2343.41113496678        272.570942349581        1.00000489930212     
   3562.50000000000        2317.63088645889        271.867635142975       0.999999425993860     
   3687.50000000000        2292.01405888541        271.157666032336       0.999994196393181     
   3812.50000000000        2266.56035414204        270.440887698436       0.999993073938146     
   3937.50000000000        2241.26971025521        269.717151552970       0.999998365220299     
   4062.50000000000        2216.14337047332        268.986282647445        1.00000269114690     
   4187.50000000000        2191.18143411617        268.248133442663        1.00000516009761     
   4312.50000000000        2166.38410072814        267.502560171362        1.00000282876858     
   4437.50000000000        2141.75097458646        266.749424107337       0.999999072487257     
   4562.50000000000        2117.28178829802        265.988584201095       0.999996884349789     
   4687.50000000000        2092.97689821714        265.219859105609       0.999996980184900     
   4812.50000000000        2068.83646015368        264.443084192619        1.00000075145030     
   4937.50000000000        2044.86056513597        263.658116245363        1.00000852161604     
   5062.50000000000        2021.04923056168        262.864834526516        1.00001829167484     
   5187.50000000000        1997.40224015309        262.063162727017        1.00002537454762     
   5312.50000000000        1973.92000631272        261.253014820356        1.00001906120956     
   5437.50000000000        1950.60268427230        260.434316177504       0.999989303943059     
   5562.50000000000        1927.45028010853        259.606890005563       0.999943907490830     
   5687.50000000000        1904.46262122506        258.770545190748       0.999898147976141     
   5812.50000000000        1881.63896955441        257.924969277239       0.999901293149203     
   5937.50000000000        1858.97931647092        257.070102124633       0.999950394164371     
   6062.50000000000        1836.48389978931        256.206020872038        1.00001050556807     
   6187.50000000000        1814.15373866973        255.332921521746        1.00003448763856     
   6312.50000000000        1791.98914462634        254.450884953359       0.999984806065133     
   6437.50000000000        1769.98855963343        253.559397529184       0.999971821321967     
   6562.50000000000        1748.15232408753        252.658477468103       0.999984567406596     
   6687.50000000000        1726.48073561913        251.748140358362        1.00001098893563     
   6812.50000000000        1704.97360100029        250.828573104821        1.00002865066152     
   6937.50000000000        1683.63123584600        249.899850059725        1.00001522196271     
   7062.50000000000        1662.45405524424        248.961994364758       0.999952806674145     
   7187.50000000000        1641.44040742004        248.014881290298       0.999938313475065     
   7312.50000000000        1620.59063795453        247.058463259579       0.999992754927007     
   7437.50000000000        1599.90631184197        246.092789990075        1.00005812952389     
   7562.50000000000        1579.38565028082        245.118671779534        1.00005733451022     
   7687.50000000000        1559.02882093030        244.136141684279       0.999992869920250     
   7812.50000000000        1538.83632879928        243.144813353624       0.999964436520031     
   7937.50000000000        1518.80748088641        242.144857431922        1.00001365966844     
   8062.50000000000        1498.94224503116        241.136636061355        1.00009716717015     
   8187.50000000000        1479.24081990182        240.120492643513        1.00014638996920     
   8312.50000000000        1459.70345323947        239.096834351629        1.00004962781295     
   8437.50000000000        1440.32911447455        238.065809762986       0.999886677668852     
   8562.50000000000        1421.11743499899        237.027116888886       0.999873815611433     
   8687.50000000000        1402.06808915802        235.981025650476        1.00004432796475     
   8812.50000000000        1383.18115250785        234.928337927060        1.00014554671086     
   8937.50000000000        1364.45701832322        233.869414915714        1.00003336444223     
   9062.50000000000        1345.89460873810        232.804205931387       0.999938320702492     
   9187.50000000000        1327.49329826075        231.732867341453       0.999974904665938     
   9312.50000000000        1309.25301788091        230.655794102567        1.00006039093935     
   9437.50000000000        1291.17379805435        229.573457976897       0.999991166028924     
   9562.50000000000        1273.25462941698        228.485944718833       0.999991396447405     
   9687.50000000000        1255.49528831819        227.393567292550        1.00000365513943     
   9812.50000000000        1237.89528788653        226.296613085834        1.00001487138418     
   9937.50000000000        1220.45414577180        225.195387082969        1.00000822041191     
   10062.5000000000        1203.17142713178        224.090116311365       0.999995836032231     
   10187.5000000000        1186.04648021645        222.981062880746        1.00000172090470     
   10312.5000000000        1169.07875479447        221.868476280731        1.00003339282554     
   10437.5000000000        1152.26784264367        220.752596144202        1.00010921179101     
   10562.5000000000        1135.61319645418        219.633669135591        1.00005389926260     
   10687.5000000000        1119.11407786192        218.511900731898        1.00010762694555     
   10812.5000000000        1102.76983161142        217.387517386785        1.00015569728649     
   10937.5000000000        1086.57985608959        216.260733241959        1.00002813784893     
   11062.5000000000        1070.54357797290        215.131721112167        1.00007487668856     
   11187.5000000000        1054.66029803351        214.000705969112       0.999610519219047     
   11312.5000000000        1038.92952934108        212.867737505908       0.999709744540007     
   11437.5000000000        1023.35060289271        211.733006298785       0.999921959873896     
   11562.5000000000        1007.92277460698        210.596693089635        1.00014479348221     
   11687.5000000000        992.645236262995        209.458985179168        1.00033444216686     
   11812.5000000000        977.517354735231        208.320023037248       0.999925638365236     
   11937.5000000000        962.538591997735        207.179903708307       0.999607691797507     
   12062.5000000000        947.708242877347        206.038764394203       0.998439905476859     
 ThetaEProf
          97           2
 Equal
   62.5000000000000        314.558469293371     
   187.500000000000        314.710190879630     
   312.500000000000        314.863725121439     
   437.500000000000        315.019054209772     
   562.500000000000        315.176181403164     
   687.500000000000        315.335088968737     
   812.500000000000        315.495766539727     
   937.500000000000        315.658199253165     
   1062.50000000000        315.822396110668     
   1187.50000000000        315.988314270077     
   1312.50000000000        316.155935180749     
   1437.50000000000        316.325390374752     
   1562.50000000000        316.496397672025     
   1687.50000000000        316.669005691153     
   1812.50000000000        316.843512172427     
   1937.50000000000        317.019492374799     
   2062.50000000000        317.197043691309     
   2187.50000000000        317.376231257869     
   2312.50000000000        317.556839943398     
   2437.50000000000        317.739043271545     
   2562.50000000000        317.922833637965     
   2687.50000000000        318.108095289714     
   2812.50000000000        318.294640664451     
   2937.50000000000        318.482546750247     
   3062.50000000000        318.671934985196     
   3187.50000000000        318.862635725520     
   3312.50000000000        319.054598398962     
   3437.50000000000        319.247650808043     
   3562.50000000000        319.441790484580     
   3687.50000000000        319.637045780408     
   3812.50000000000        319.833410713608     
   3937.50000000000        320.030851974844     
   4062.50000000000        320.229174293567     
   4187.50000000000        320.428314965349     
   4312.50000000000        320.628196381864     
   4437.50000000000        320.828808525180     
   4562.50000000000        321.030122493938     
   4687.50000000000        321.232004499958     
   4812.50000000000        321.434350193283     
   4937.50000000000        321.637073958659     
   5062.50000000000        321.840105244435     
   5187.50000000000        322.043424746204     
   5312.50000000000        322.246935985025     
   5437.50000000000        322.450568497127     
   5562.50000000000        322.654187798245     
   5687.50000000000        322.857660210531     
   5812.50000000000        323.060819850669     
   5937.50000000000        323.263577115531     
   6062.50000000000        323.465893318517     
   6187.50000000000        323.667808073675     
   6312.50000000000        323.869284204551     
   6437.50000000000        324.070027494731     
   6562.50000000000        324.269936478451     
   6687.50000000000        324.468894001513     
   6812.50000000000        324.666989127644     
   6937.50000000000        324.864133715304     
   7062.50000000000        325.060170883732     
   7187.50000000000        325.255080413129     
   7312.50000000000        325.448632649960     
   7437.50000000000        325.640494053559     
   7562.50000000000        325.831437266080     
   7687.50000000000        326.021292784350     
   7812.50000000000        326.209469159823     
   7937.50000000000        326.396005907060     
   8062.50000000000        326.581013390235     
   8187.50000000000        326.764542007966     
   8312.50000000000        326.946685337791     
   8437.50000000000        327.127495834144     
   8562.50000000000        327.306516880891     
   8687.50000000000        327.483782125438     
   8812.50000000000        327.659738645362     
   8937.50000000000        327.834404757528     
   9062.50000000000        328.007639883434     
   9187.50000000000        328.179413967963     
   9312.50000000000        328.349835647405     
   9437.50000000000        328.519067825607     
   9562.50000000000        328.687082198920     
   9687.50000000000        328.853941337828     
   9812.50000000000        329.019725868717     
   9937.50000000000        329.184546190633     
   10062.5000000000        329.348431360980     
   10187.5000000000        329.511480762578     
   10312.5000000000        329.673774732217     
   10437.5000000000        329.835381403978     
   10562.5000000000        329.996366984406     
   10687.5000000000        330.156847360833     
   10812.5000000000        330.316906489130     
   10937.5000000000        330.476620812832     
   11062.5000000000        330.636085070572     
   11187.5000000000        330.795371218327     
   11312.5000000000        330.954492008964     
   11437.5000000000        331.113512659682     
   11562.5000000000        331.272544152917     
   11687.5000000000        331.431730219951     
   11812.5000000000        331.591124776439     
   11937.5000000000        331.750791175264     
   12062.5000000000        331.910792715075     
 TProf
          97           2
 Equal
   62.5000000000000        289.536225920280     
   187.500000000000        288.963687494303     
   312.500000000000        288.387669332548     
   437.500000000000        287.808110426748     
   562.500000000000        287.224930308850     
   687.500000000000        286.638038937640     
   812.500000000000        286.047348001091     
   937.500000000000        285.452760560447     
   1062.50000000000        284.854172921312     
   1187.50000000000        284.251480327195     
   1312.50000000000        283.644579547552     
   1437.50000000000        283.033385254604     
   1562.50000000000        282.417752174757     
   1687.50000000000        281.797581345384     
   1812.50000000000        281.172803487347     
   1937.50000000000        280.543241000744     
   2062.50000000000        279.908793479371     
   2187.50000000000        279.269352036267     
   2312.50000000000        278.624762697002     
   2437.50000000000        277.974928450444     
   2562.50000000000        277.319723121189     
   2687.50000000000        276.659000892968     
   2812.50000000000        275.992602276298     
   2937.50000000000        275.320407563797     
   3062.50000000000        274.642301310180     
   3187.50000000000        273.958121547814     
   3312.50000000000        273.267724843838     
   3437.50000000000        272.570942349581     
   3562.50000000000        271.867635142975     
   3687.50000000000        271.157666032336     
   3812.50000000000        270.440887698436     
   3937.50000000000        269.717151552970     
   4062.50000000000        268.986282647445     
   4187.50000000000        268.248133442663     
   4312.50000000000        267.502560171362     
   4437.50000000000        266.749424107337     
   4562.50000000000        265.988584201095     
   4687.50000000000        265.219859105609     
   4812.50000000000        264.443084192619     
   4937.50000000000        263.658116245363     
   5062.50000000000        262.864834526516     
   5187.50000000000        262.063162727017     
   5312.50000000000        261.253014820356     
   5437.50000000000        260.434316177504     
   5562.50000000000        259.606890005563     
   5687.50000000000        258.770545190748     
   5812.50000000000        257.924969277239     
   5937.50000000000        257.070102124633     
   6062.50000000000        256.206020872038     
   6187.50000000000        255.332921521746     
   6312.50000000000        254.450884953359     
   6437.50000000000        253.559397529184     
   6562.50000000000        252.658477468103     
   6687.50000000000        251.748140358362     
   6812.50000000000        250.828573104821     
   6937.50000000000        249.899850059725     
   7062.50000000000        248.961994364758     
   7187.50000000000        248.014881290298     
   7312.50000000000        247.058463259579     
   7437.50000000000        246.092789990075     
   7562.50000000000        245.118671779534     
   7687.50000000000        244.136141684279     
   7812.50000000000        243.144813353624     
   7937.50000000000        242.144857431922     
   8062.50000000000        241.136636061355     
   8187.50000000000        240.120492643513     
   8312.50000000000        239.096834351629     
   8437.50000000000        238.065809762986     
   8562.50000000000        237.027116888886     
   8687.50000000000        235.981025650476     
   8812.50000000000        234.928337927060     
   8937.50000000000        233.869414915714     
   9062.50000000000        232.804205931387     
   9187.50000000000        231.732867341453     
   9312.50000000000        230.655794102567     
   9437.50000000000        229.573457976897     
   9562.50000000000        228.485944718833     
   9687.50000000000        227.393567292550     
   9812.50000000000        226.296613085834     
   9937.50000000000        225.195387082969     
   10062.5000000000        224.090116311365     
   10187.5000000000        222.981062880746     
   10312.5000000000        221.868476280731     
   10437.5000000000        220.752596144202     
   10562.5000000000        219.633669135591     
   10687.5000000000        218.511900731898     
   10812.5000000000        217.387517386785     
   10937.5000000000        216.260733241959     
   11062.5000000000        215.131721112167     
   11187.5000000000        214.000705969112     
   11312.5000000000        212.867737505908     
   11437.5000000000        211.733006298785     
   11562.5000000000        210.596693089635     
   11687.5000000000        209.458985179168     
   11812.5000000000        208.320023037248     
   11937.5000000000        207.179903708307     
   12062.5000000000        206.038764394203     
 ThetaLProf
          97           2
 Equal
   62.5000000000000        270.146995065509     
   187.500000000000        267.846961009729     
   312.500000000000        265.559998932448     
   437.500000000000        263.286140894171     
   562.500000000000        261.025355181356     
   687.500000000000        258.777567452272     
   812.500000000000        256.542721576969     
   937.500000000000        254.320729404571     
   1062.50000000000        252.111520562681     
   1187.50000000000        249.914985301495     
   1312.50000000000        247.731040811787     
   1437.50000000000        245.559754564345     
   1562.50000000000        243.400813912020     
   1687.50000000000        241.254211484656     
   1812.50000000000        239.120160821657     
   1937.50000000000        236.998213293646     
   2062.50000000000        234.888404893479     
   2187.50000000000        232.790740451830     
   2312.50000000000        230.704973514334     
   2437.50000000000        228.631210256559     
   2562.50000000000        226.569391636555     
   2687.50000000000        224.519365362858     
   2812.50000000000        222.480920693940     
   2937.50000000000        220.454080859186     
   3062.50000000000        218.438905422192     
   3187.50000000000        216.435206610643     
   3312.50000000000        214.442898346066     
   3437.50000000000        212.461794982724     
   3562.50000000000        210.491857944769     
   3687.50000000000        208.533075064014     
   3812.50000000000        206.585407264722     
   3937.50000000000        204.648791839066     
   4062.50000000000        202.723040913564     
   4187.50000000000        200.808074434525     
   4312.50000000000        198.903803538426     
   4437.50000000000        197.010196284982     
   4562.50000000000        195.127205328907     
   4687.50000000000        193.254705034938     
   4812.50000000000        191.392595966721     
   4937.50000000000        189.540799374063     
   5062.50000000000        187.699246077611     
   5187.50000000000        185.867904421932     
   5312.50000000000        184.046695114121     
   5437.50000000000        182.235556690358     
   5562.50000000000        180.434383422973     
   5687.50000000000        178.643075959770     
   5812.50000000000        176.861518347488     
   5937.50000000000        175.089637539394     
   6062.50000000000        173.327388877919     
   6187.50000000000        171.574826535154     
   6312.50000000000        169.831919719586     
   6437.50000000000        168.098461714623     
   6562.50000000000        166.374389958865     
   6687.50000000000        164.659630124503     
   6812.50000000000        162.954249630000     
   6937.50000000000        161.258194090513     
   7062.50000000000        159.571365653977     
   7187.50000000000        157.893750681026     
   7312.50000000000        156.225207320018     
   7437.50000000000        154.565533470556     
   7562.50000000000        152.915217120096     
   7687.50000000000        151.274146839936     
   7812.50000000000        149.641958775320     
   7937.50000000000        148.018677594036     
   8062.50000000000        146.404369918564     
   8187.50000000000        144.799059885162     
   8312.50000000000        143.202794537396     
   8437.50000000000        141.615593736000     
   8562.50000000000        140.037185645614     
   8687.50000000000        138.467579995525     
   8812.50000000000        136.907012801663     
   8937.50000000000        135.355479932113     
   9062.50000000000        133.812886238359     
   9187.50000000000        132.279196055527     
   9312.50000000000        130.754449577048     
   9437.50000000000        129.238710360800     
   9562.50000000000        127.731939451342     
   9687.50000000000        126.234146538597     
   9812.50000000000        124.745346036880     
   9937.50000000000        123.265570313827     
   10062.5000000000        121.794808303055     
   10187.5000000000        120.333080945524     
   10312.5000000000        118.880400680557     
   10437.5000000000        117.436781885164     
   10562.5000000000        116.002216631620     
   10687.5000000000        114.576744062222     
   10812.5000000000        113.160364084003     
   10937.5000000000        111.753077450496     
   11062.5000000000        110.354924574080     
   11187.5000000000        108.965877183442     
   11312.5000000000        107.585959081056     
   11437.5000000000        106.215151389759     
   11562.5000000000        104.853474545646     
   11687.5000000000        103.500965891869     
   11812.5000000000        102.157612729345     
   11937.5000000000        100.823443432591     
   12062.5000000000        99.4984433521302     
 PreProf
          97           2
 Equal
   62.5000000000000        99265.0433768290     
   187.500000000000        97808.0556554819     
   312.500000000000        96368.9520995562     
   437.500000000000        94947.6113663403     
   562.500000000000        93543.8627108866     
   687.500000000000        92157.5226225329     
   812.500000000000        90788.4151120135     
   937.500000000000        89436.3490978704     
   1062.50000000000        88101.1326501608     
   1187.50000000000        86782.5798820814     
   1312.50000000000        85480.5079308812     
   1437.50000000000        84194.7415419304     
   1562.50000000000        82925.1093472302     
   1687.50000000000        81671.4371599338     
   1812.50000000000        80433.5497280580     
   1937.50000000000        79211.2742630175     
   2062.50000000000        78004.4391247622     
   2187.50000000000        76812.8741965757     
   2312.50000000000        75636.4112978914     
   2437.50000000000        74474.8838444190     
   2562.50000000000        73328.1258001465     
   2687.50000000000        72195.9731480164     
   2812.50000000000        71078.2633177681     
   2937.50000000000        69974.8348676211     
   3062.50000000000        68885.5274212144     
   3187.50000000000        67810.1837688913     
   3312.50000000000        66748.6451662223     
   3437.50000000000        65700.7557708417     
   3562.50000000000        64666.3604477235     
   3687.50000000000        63645.3058759345     
   3812.50000000000        62637.4404695127     
   3937.50000000000        61642.6119927399     
   4062.50000000000        60660.6724965114     
   4187.50000000000        59691.4727548768     
   4312.50000000000        58734.8664662402     
   4437.50000000000        57790.7084272993     
   4562.50000000000        56858.8535785949     
   4687.50000000000        55939.1591262372     
   4812.50000000000        55031.4828770944     
   4937.50000000000        54135.6861721330     
   5062.50000000000        53251.6297783744     
   5187.50000000000        52379.1753445942     
   5312.50000000000        51518.1886117122     
   5437.50000000000        50668.5354761080     
   5562.50000000000        49830.0809874468     
   5687.50000000000        49002.6938210752     
   5812.50000000000        48186.2454263285     
   5937.50000000000        47380.6058502940     
   6062.50000000000        46585.6459963101     
   6187.50000000000        45801.2404918993     
   6312.50000000000        45027.2640820257     
   6437.50000000000        44263.5941568395     
   6562.50000000000        43510.1091206259     
   6687.50000000000        42766.6890328591     
   6812.50000000000        42033.2153561653     
   6937.50000000000        41309.5711826849     
   7062.50000000000        40595.6411403626     
   7187.50000000000        39891.3114857172     
   7312.50000000000        39196.4698429023     
   7437.50000000000        38511.0052735783     
   7562.50000000000        37834.8091989376     
   7687.50000000000        37167.7749038939     
   7812.50000000000        36509.7964643864     
   7937.50000000000        35860.7698824406     
   8062.50000000000        35220.5928583125     
   8187.50000000000        34589.1641266475     
   8312.50000000000        33966.3847651258     
   8437.50000000000        33352.1576644557     
   8562.50000000000        32746.3870138465     
   8687.50000000000        32148.9776750770     
   8812.50000000000        31559.8373353240     
   8937.50000000000        30978.8751969888     
   9062.50000000000        30406.0019616312     
   9187.50000000000        29841.1296682341     
   9312.50000000000        29284.1715758708     
   9437.50000000000        28735.0422970308     
   9562.50000000000        28193.6580564852     
   9687.50000000000        27659.9367349408     
   9812.50000000000        27133.7967435944     
   9937.50000000000        26615.1583211690     
   10062.5000000000        26103.9429674685     
   10187.5000000000        25600.0732643551     
   10312.5000000000        25103.4731452121     
   10437.5000000000        24614.0687080679     
   10562.5000000000        24131.7844680247     
   10687.5000000000        23656.5476470921     
   10812.5000000000        23188.2842411018     
   10937.5000000000        22726.9222614996     
   11062.5000000000        22272.3945175857     
   11187.5000000000        21824.6272927017     
   11312.5000000000        21383.5547111506     
   11437.5000000000        20949.1057995337     
   11562.5000000000        20521.2132947650     
   11687.5000000000        20099.8116200817     
   11812.5000000000        19684.8331081338     
   11937.5000000000        19276.2149818398     
   12062.5000000000        18873.8902617890     
