 RhoProf
         161           2
 Equal
   5.00000000000000        1.21380125474285     
   15.0000000000000        1.21278718508501     
   25.0000000000000        1.21177367274939     
   35.0000000000000        1.21076066851778     
   45.0000000000000        1.20974805523872     
   55.0000000000000        1.20873580656290     
   65.0000000000000        1.20772393107590     
   75.0000000000000        1.20671254803903     
   85.0000000000000        1.20570162505433     
   95.0000000000000        1.20469122385763     
   105.000000000000        1.20368132321811     
   115.000000000000        1.20267194266714     
   125.000000000000        1.20166307422075     
   135.000000000000        1.20065471787895     
   145.000000000000        1.19964687205394     
   155.000000000000        1.19863952759421     
   165.000000000000        1.19763269069367     
   175.000000000000        1.19662636135232     
   185.000000000000        1.19562053939401     
   195.000000000000        1.19461522191622     
   205.000000000000        1.19361041075341     
   215.000000000000        1.19260610590560     
   225.000000000000        1.19160230737277     
   235.000000000000        1.19059901515493     
   245.000000000000        1.18959622925209     
   255.000000000000        1.18859394966423     
   265.000000000000        1.18759217639136     
   275.000000000000        1.18659090321456     
   285.000000000000        1.18559013400373     
   295.000000000000        1.18458986954211     
   305.000000000000        1.18359010982970     
   315.000000000000        1.18259085486649     
   325.000000000000        1.18159210465250     
   335.000000000000        1.18059385918772     
   345.000000000000        1.17959611847215     
   355.000000000000        1.17859888250578     
   365.000000000000        1.17760215128863     
   375.000000000000        1.17660592482069     
   385.000000000000        1.17561020310195     
   395.000000000000        1.17461498613243     
   405.000000000000        1.17362027391212     
   415.000000000000        1.17262606644101     
   425.000000000000        1.17163236371912     
   435.000000000000        1.17063917626105     
   445.000000000000        1.16964650629825     
   455.000000000000        1.16865434361741     
   465.000000000000        1.16766268821851     
   475.000000000000        1.16667153719632     
   485.000000000000        1.16568088674485     
   495.000000000000        1.16469074030886     
   505.000000000000        1.16370109788835     
   515.000000000000        1.16271195948332     
   525.000000000000        1.16172332509378     
   535.000000000000        1.16073519471972     
   545.000000000000        1.15974756836114     
   555.000000000000        1.15876044754827     
   565.000000000000        1.15777383779752     
   575.000000000000        1.15678773381702     
   585.000000000000        1.15579934243632     
   595.000000000000        1.15470510144510     
   605.000000000000        1.15356381541425     
   615.000000000000        1.15242352254945     
   625.000000000000        1.15128398556983     
   635.000000000000        1.15014522546917     
   645.000000000000        1.14900737396667     
   655.000000000000        1.14787043545436     
   665.000000000000        1.14673445526953     
   675.000000000000        1.14559944186216     
   685.000000000000        1.14446538958781     
   695.000000000000        1.14333229742180     
   705.000000000000        1.14220014824981     
   715.000000000000        1.14106895100003     
   725.000000000000        1.13993870567246     
   735.000000000000        1.13880941226709     
   745.000000000000        1.13768107078393     
   755.000000000000        1.13655368110109     
   765.000000000000        1.13542723969439     
   775.000000000000        1.13430174914999     
   785.000000000000        1.13317720946787     
   795.000000000000        1.13205362064805     
   805.000000000000        1.13093098269052     
   815.000000000000        1.12980929551611     
   825.000000000000        1.12868853454123     
   835.000000000000        1.12756871740129     
   845.000000000000        1.09514635088596     
   855.000000000000        1.09219393809188     
   865.000000000000        1.08986009498512     
   875.000000000000        1.08782329265406     
   885.000000000000        1.08596737241803     
   895.000000000000        1.08423546123634     
   905.000000000000        1.08259493282702     
   915.000000000000        1.08102512449651     
   925.000000000000        1.07951203930434     
   935.000000000000        1.07804568448866     
   945.000000000000        1.07661866042362     
   955.000000000000        1.07522529704827     
   965.000000000000        1.07386116449310     
   975.000000000000        1.07252271858535     
   985.000000000000        1.07120705143822     
   995.000000000000        1.06991178025458     
   1005.00000000000        1.06863491365699     
   1015.00000000000        1.06737475721466     
   1025.00000000000        1.06612985583575     
   1035.00000000000        1.06489896552626     
   1045.00000000000        1.06368100026370     
   1055.00000000000        1.06247501282885     
   1065.00000000000        1.06128016060391     
   1075.00000000000        1.06009569169402     
   1085.00000000000        1.05892096745708     
   1095.00000000000        1.05775537067885     
   1105.00000000000        1.05659837870079     
   1115.00000000000        1.05544951778651     
   1125.00000000000        1.05430832156708     
   1135.00000000000        1.05317443304207     
   1145.00000000000        1.05204746469428     
   1155.00000000000        1.05092707982331     
   1165.00000000000        1.04981299390516     
   1175.00000000000        1.04870490716781     
   1185.00000000000        1.04760256853079     
   1195.00000000000        1.04650574025602     
   1205.00000000000        1.04541419044662     
   1215.00000000000        1.04432772334892     
   1225.00000000000        1.04324613913710     
   1235.00000000000        1.04216925732351     
   1245.00000000000        1.04109691464388     
   1255.00000000000        1.04002894892291     
   1265.00000000000        1.03896521496308     
   1275.00000000000        1.03790557373530     
   1285.00000000000        1.03684989257915     
   1295.00000000000        1.03579805236597     
   1305.00000000000        1.03474993542184     
   1315.00000000000        1.03370543129836     
   1325.00000000000        1.03266443441474     
   1335.00000000000        1.03162684320151     
   1345.00000000000        1.03059257601785     
   1355.00000000000        1.02956154087106     
   1365.00000000000        1.02853365101388     
   1375.00000000000        1.02750882436796     
   1385.00000000000        1.02648698130670     
   1395.00000000000        1.02546805740337     
   1405.00000000000        1.02445198937038     
   1415.00000000000        1.02343870361135     
   1425.00000000000        1.02242813519327     
   1435.00000000000        1.02142022085646     
   1445.00000000000        1.02041490405238     
   1455.00000000000        1.01941214357712     
   1465.00000000000        1.01841187615009     
   1475.00000000000        1.01741404945731     
   1485.00000000000        1.01641861242826     
   1495.00000000000        1.01542551496125     
   1505.00000000000        1.01443473015918     
   1515.00000000000        1.01344620490211     
   1525.00000000000        1.01245989673430     
   1535.00000000000        1.01147576465368     
   1545.00000000000        1.01049376863104     
   1555.00000000000        1.00951387643919     
   1565.00000000000        1.00853605273354     
   1575.00000000000        1.00756026030934     
   1585.00000000000        1.00658646504717     
   1595.00000000000        1.00561463360093     
   1605.00000000000        1.00464473631281     
 RhoVProf
         161           2
 Equal
   5.00000000000000       1.092421082242238E-002  8.999999612569807E-003
   15.0000000000000       1.091508419589474E-002  8.999999612569809E-003
   25.0000000000000       1.090596258526683E-002  8.999999612569811E-003
   35.0000000000000       1.089684554757478E-002  8.999999612569812E-003
   45.0000000000000       1.088773202845555E-002  8.999999612569812E-003
   55.0000000000000       1.087862179076538E-002  8.999999612569811E-003
   65.0000000000000       1.086951491177435E-002  8.999999612569811E-003
   75.0000000000000       1.086041246483442E-002  8.999999612569812E-003
   85.0000000000000       1.085131415836379E-002  8.999999612569816E-003
   95.0000000000000       1.084222054798488E-002  8.999999612569812E-003
   105.000000000000       1.083313144262048E-002  8.999999612569804E-003
   115.000000000000       1.082404701805284E-002  8.999999612569799E-003
   125.000000000000       1.081496720242622E-002  8.999999612569802E-003
   135.000000000000       1.080589199574061E-002  8.999999612569802E-003
   145.000000000000       1.079682138370604E-002  8.999999612569807E-003
   155.000000000000       1.078775528395872E-002  8.999999612569805E-003
   165.000000000000       1.077869375224393E-002  8.999999612569807E-003
   175.000000000000       1.076963678856166E-002  8.999999612569809E-003
   185.000000000000       1.076058439132663E-002  8.999999612569809E-003
   195.000000000000       1.075153653441596E-002  8.999999612569812E-003
   205.000000000000       1.074249323434000E-002  8.999999612569812E-003
   215.000000000000       1.073345449109876E-002  8.999999612569811E-003
   225.000000000000       1.072442030469222E-002  8.999999612569812E-003
   235.000000000000       1.071539067512040E-002  8.999999612569809E-003
   245.000000000000       1.070636560238329E-002  8.999999612569809E-003
   255.000000000000       1.069734508648090E-002  8.999999612569809E-003
   265.000000000000       1.068832912741322E-002  8.999999612569811E-003
   275.000000000000       1.067931766920993E-002  8.999999612569811E-003
   285.000000000000       1.067031074670017E-002  8.999999612569809E-003
   295.000000000000       1.066130836693310E-002  8.999999612569809E-003
   305.000000000000       1.065231052990873E-002  8.999999612569807E-003
   315.000000000000       1.064331723562705E-002  8.999999612569807E-003
   325.000000000000       1.063432848408806E-002  8.999999612569809E-003
   335.000000000000       1.062534427529177E-002  8.999999612569809E-003
   345.000000000000       1.061636460923817E-002  8.999999612569809E-003
   355.000000000000       1.060738948592726E-002  8.999999612569807E-003
   365.000000000000       1.059841890535905E-002  8.999999612569811E-003
   375.000000000000       1.058945286753353E-002  8.999999612569809E-003
   385.000000000000       1.058049137245070E-002  8.999999612569807E-003
   395.000000000000       1.057153442011057E-002  8.999999612569807E-003
   405.000000000000       1.056258201051313E-002  8.999999612569805E-003
   415.000000000000       1.055363414365838E-002  8.999999612569807E-003
   425.000000000000       1.054469081954633E-002  8.999999612569807E-003
   435.000000000000       1.053575213280850E-002  8.999999612569807E-003
   445.000000000000       1.052681810352791E-002  8.999999612569807E-003
   455.000000000000       1.051788863978467E-002  8.999999612569807E-003
   465.000000000000       1.050896374157878E-002  8.999999612569812E-003
   475.000000000000       1.050004338276315E-002  8.999999612569809E-003
   485.000000000000       1.049112752908369E-002  8.999999612569809E-003
   495.000000000000       1.048221621154338E-002  8.999999612569809E-003
   505.000000000000       1.047330943014222E-002  8.999999612569812E-003
   515.000000000000       1.046440718488020E-002  8.999999612569809E-003
   525.000000000000       1.045550947575732E-002  8.999999612569809E-003
   535.000000000000       1.044661630277359E-002  8.999999612569809E-003
   545.000000000000       1.043772766592900E-002  8.999999612569807E-003
   555.000000000000       1.042884357899561E-002  8.999999612569807E-003
   565.000000000000       1.041996409162116E-002  8.999999612569809E-003
   575.000000000000       1.041108915617873E-002  8.999999612569811E-003
   585.000000000000       1.040180277034470E-002  8.999661436403510E-003
   595.000000000000       1.037667140651425E-002  8.986425532829058E-003
   605.000000000000       1.034442326279384E-002  8.967361080998427E-003
   615.000000000000       1.031224676910225E-002  8.948313330405596E-003
   625.000000000000       1.028013031073267E-002  8.929274131824618E-003
   635.000000000000       1.024808194673442E-002  8.910250392557158E-003
   645.000000000000       1.021610228099144E-002  8.891241703456471E-003
   655.000000000000       1.018419133309536E-002  8.872248137538416E-003
   665.000000000000       1.015235026712374E-002  8.853270450252164E-003
   675.000000000000       1.012057925542373E-002  8.834308821740378E-003
   685.000000000000       1.008887816296024E-002  8.815363273321743E-003
   695.000000000000       1.005724692886966E-002  8.796433855274316E-003
   705.000000000000       1.002568453660523E-002  8.777519904867409E-003
   715.000000000000       9.994191516478249E-003  8.758621911252030E-003
   725.000000000000       9.962767868488724E-003  8.739739969274584E-003
   735.000000000000       9.931413592636659E-003  8.720874174077676E-003
   745.000000000000       9.900128688922047E-003  8.702024621100757E-003
   755.000000000000       9.868913110327171E-003  8.683191365643396E-003
   765.000000000000       9.837765497459549E-003  8.664373333255117E-003
   775.000000000000       9.806686847883439E-003  8.645571476225163E-003
   785.000000000000       9.775677161598838E-003  8.626785890081017E-003
   795.000000000000       9.744736438605753E-003  8.608016670647898E-003
   805.000000000000       9.713864678904175E-003  8.589263914049433E-003
   815.000000000000       9.683061873499422E-003  8.570527709347681E-003
   825.000000000000       9.652325229475178E-003  8.551805865024131E-003
   835.000000000000       9.621656750372373E-003  8.533100113443595E-003
   845.000000000000       1.642719540608026E-003  1.500000013038513E-003
   855.000000000000       1.638290921378409E-003  1.500000013038512E-003
   865.000000000000       1.634790156687829E-003  1.500000013038508E-003
   875.000000000000       1.631734953164688E-003  1.500000013038509E-003
   885.000000000000       1.628951072786442E-003  1.500000013038509E-003
   895.000000000000       1.626353205991328E-003  1.500000013038509E-003
   905.000000000000       1.623892413355954E-003  1.500000013038512E-003
   915.000000000000       1.621537700839730E-003  1.500000013038512E-003
   925.000000000000       1.619268073031746E-003  1.500000013038511E-003
   935.000000000000       1.617068540789094E-003  1.500000013038510E-003
   945.000000000000       1.614928004672932E-003  1.500000013038510E-003
   955.000000000000       1.612837959591739E-003  1.500000013038509E-003
   965.000000000000       1.610791760741194E-003  1.500000013038509E-003
   975.000000000000       1.608784091862128E-003  1.500000013038513E-003
   985.000000000000       1.606810591124278E-003  1.500000013038518E-003
   995.000000000000       1.604867684331937E-003  1.500000013038514E-003
   1005.00000000000       1.602952384418902E-003  1.500000013038513E-003
   1015.00000000000       1.601062149738967E-003  1.500000013038513E-003
   1025.00000000000       1.599194797654377E-003  1.500000013038511E-003
   1035.00000000000       1.597348462174083E-003  1.500000013038511E-003
   1045.00000000000       1.595521514264362E-003  1.500000013038510E-003
   1055.00000000000       1.593712533096363E-003  1.500000013038510E-003
   1065.00000000000       1.591920254743371E-003  1.500000013038509E-003
   1075.00000000000       1.590143551363096E-003  1.500000013038510E-003
   1085.00000000000       1.588381464992374E-003  1.500000013038509E-003
   1095.00000000000       1.586633069809830E-003  1.500000013038506E-003
   1105.00000000000       1.584897581827648E-003  1.500000013038501E-003
   1115.00000000000       1.583174290441249E-003  1.500000013038500E-003
   1125.00000000000       1.581462496097216E-003  1.500000013038503E-003
   1135.00000000000       1.579761663294930E-003  1.500000013038505E-003
   1145.00000000000       1.578071210758545E-003  1.500000013038506E-003
   1155.00000000000       1.576390633437475E-003  1.500000013038504E-003
   1165.00000000000       1.574719504545732E-003  1.500000013038504E-003
   1175.00000000000       1.573057374425260E-003  1.500000013038505E-003
   1185.00000000000       1.571403866455359E-003  1.500000013038506E-003
   1195.00000000000       1.569758624028895E-003  1.500000013038507E-003
   1205.00000000000       1.568121299300575E-003  1.500000013038507E-003
   1215.00000000000       1.566491598639856E-003  1.500000013038507E-003
   1225.00000000000       1.564869222308018E-003  1.500000013038508E-003
   1235.00000000000       1.563253899573590E-003  1.500000013038508E-003
   1245.00000000000       1.561645385540179E-003  1.500000013038509E-003
   1255.00000000000       1.560043436944787E-003  1.500000013038509E-003
   1265.00000000000       1.558447835991181E-003  1.500000013038508E-003
   1275.00000000000       1.556858374135685E-003  1.500000013038508E-003
   1285.00000000000       1.555274852387697E-003  1.500000013038510E-003
   1295.00000000000       1.553697092054213E-003  1.500000013038510E-003
   1305.00000000000       1.552124916624355E-003  1.500000013038512E-003
   1315.00000000000       1.550558160425526E-003  1.500000013038513E-003
   1325.00000000000       1.548996665086517E-003  1.500000013038513E-003
   1335.00000000000       1.547440278253141E-003  1.500000013038510E-003
   1345.00000000000       1.545888877464170E-003  1.500000013038509E-003
   1355.00000000000       1.544342324730532E-003  1.500000013038508E-003
   1365.00000000000       1.542800489931372E-003  1.500000013038508E-003
   1375.00000000000       1.541263249949125E-003  1.500000013038508E-003
   1385.00000000000       1.539730485343907E-003  1.500000013038508E-003
   1395.00000000000       1.538202099475628E-003  1.500000013038509E-003
   1405.00000000000       1.536677997412891E-003  1.500000013038509E-003
   1415.00000000000       1.535158068761141E-003  1.500000013038509E-003
   1425.00000000000       1.533642216120844E-003  1.500000013038508E-003
   1435.00000000000       1.532130344602480E-003  1.500000013038507E-003
   1445.00000000000       1.530622369383253E-003  1.500000013038505E-003
   1455.00000000000       1.529118228657292E-003  1.500000013038505E-003
   1465.00000000000       1.527617827503701E-003  1.500000013038504E-003
   1475.00000000000       1.526121087451517E-003  1.500000013038504E-003
   1485.00000000000       1.524627931894967E-003  1.500000013038504E-003
   1495.00000000000       1.523138285681507E-003  1.500000013038506E-003
   1505.00000000000       1.521652108465483E-003  1.500000013038507E-003
   1515.00000000000       1.520169320566989E-003  1.500000013038508E-003
   1525.00000000000       1.518689858302415E-003  1.500000013038508E-003
   1535.00000000000       1.517213660168661E-003  1.500000013038508E-003
   1545.00000000000       1.515740666121884E-003  1.500000013038507E-003
   1555.00000000000       1.514270827821341E-003  1.500000013038507E-003
   1565.00000000000       1.512804092250119E-003  1.500000013038506E-003
   1575.00000000000       1.511340403601085E-003  1.500000013038507E-003
   1585.00000000000       1.509879710695146E-003  1.500000013038507E-003
   1595.00000000000       1.508421963513109E-003  1.500000013038508E-003
   1605.00000000000       1.506967117568286E-003  1.500000013038509E-003
 RhoLProf
         161           2
 Equal
   5.00000000000000        0.00000000000000        0.00000000000000     
   15.0000000000000        0.00000000000000        0.00000000000000     
   25.0000000000000        0.00000000000000        0.00000000000000     
   35.0000000000000        0.00000000000000        0.00000000000000     
   45.0000000000000        0.00000000000000        0.00000000000000     
   55.0000000000000        0.00000000000000        0.00000000000000     
   65.0000000000000        0.00000000000000        0.00000000000000     
   75.0000000000000        0.00000000000000        0.00000000000000     
   85.0000000000000        0.00000000000000        0.00000000000000     
   95.0000000000000        0.00000000000000        0.00000000000000     
   105.000000000000        0.00000000000000        0.00000000000000     
   115.000000000000        0.00000000000000        0.00000000000000     
   125.000000000000        0.00000000000000        0.00000000000000     
   135.000000000000        0.00000000000000        0.00000000000000     
   145.000000000000        0.00000000000000        0.00000000000000     
   155.000000000000        0.00000000000000        0.00000000000000     
   165.000000000000        0.00000000000000        0.00000000000000     
   175.000000000000        0.00000000000000        0.00000000000000     
   185.000000000000        0.00000000000000        0.00000000000000     
   195.000000000000        0.00000000000000        0.00000000000000     
   205.000000000000        0.00000000000000        0.00000000000000     
   215.000000000000        0.00000000000000        0.00000000000000     
   225.000000000000        0.00000000000000        0.00000000000000     
   235.000000000000        0.00000000000000        0.00000000000000     
   245.000000000000        0.00000000000000        0.00000000000000     
   255.000000000000        0.00000000000000        0.00000000000000     
   265.000000000000        0.00000000000000        0.00000000000000     
   275.000000000000        0.00000000000000        0.00000000000000     
   285.000000000000        0.00000000000000        0.00000000000000     
   295.000000000000        0.00000000000000        0.00000000000000     
   305.000000000000        0.00000000000000        0.00000000000000     
   315.000000000000        0.00000000000000        0.00000000000000     
   325.000000000000        0.00000000000000        0.00000000000000     
   335.000000000000        0.00000000000000        0.00000000000000     
   345.000000000000        0.00000000000000        0.00000000000000     
   355.000000000000        0.00000000000000        0.00000000000000     
   365.000000000000        0.00000000000000        0.00000000000000     
   375.000000000000        0.00000000000000        0.00000000000000     
   385.000000000000        0.00000000000000        0.00000000000000     
   395.000000000000        0.00000000000000        0.00000000000000     
   405.000000000000        0.00000000000000        0.00000000000000     
   415.000000000000        0.00000000000000        0.00000000000000     
   425.000000000000        0.00000000000000        0.00000000000000     
   435.000000000000        0.00000000000000        0.00000000000000     
   445.000000000000        0.00000000000000        0.00000000000000     
   455.000000000000        0.00000000000000        0.00000000000000     
   465.000000000000        0.00000000000000        0.00000000000000     
   475.000000000000        0.00000000000000        0.00000000000000     
   485.000000000000        0.00000000000000        0.00000000000000     
   495.000000000000        0.00000000000000        0.00000000000000     
   505.000000000000        0.00000000000000        0.00000000000000     
   515.000000000000        0.00000000000000        0.00000000000000     
   525.000000000000        0.00000000000000        0.00000000000000     
   535.000000000000        0.00000000000000        0.00000000000000     
   545.000000000000        0.00000000000000        0.00000000000000     
   555.000000000000        0.00000000000000        0.00000000000000     
   565.000000000000        0.00000000000000        0.00000000000000     
   575.000000000000        0.00000000000000        0.00000000000000     
   585.000000000000       3.908637906373941E-007  3.381761663001884E-007
   595.000000000000       1.567405912407047E-005  1.357407974075329E-005
   605.000000000000       3.765062900900305E-005  3.263853157138291E-005
   615.000000000000       5.956448735910252E-005  5.168628216415677E-005
   625.000000000000       8.142511335352577E-005  7.072548074506916E-005
   635.000000000000       1.032246368871132E-004  8.974922001263403E-005
   645.000000000000       1.249636395483211E-004  1.087579091132501E-004
   655.000000000000       1.466421412740972E-004  1.277514750312843E-004
   665.000000000000       1.682593860225321E-004  1.467291623176913E-004
   675.000000000000       1.898152774959944E-004  1.656907908295169E-004
   685.000000000000       2.113098999296844E-004  1.846363392481355E-004
   695.000000000000       2.327433049650589E-004  2.035657572954885E-004
   705.000000000000       2.541163551202409E-004  2.224797077023867E-004
   715.000000000000       2.754286004374596E-004  2.413777013177636E-004
   725.000000000000       2.966800409167150E-004  2.602596432952078E-004
   735.000000000000       3.178706765580054E-004  2.791254384921199E-004
   745.000000000000       3.390005073613325E-004  2.979749914690419E-004
   755.000000000000       3.600695792473976E-004  3.168082469264139E-004
   765.000000000000       3.810792198911776E-004  3.356262793146904E-004
   775.000000000000       4.020284550037036E-004  3.544281363446473E-004
   785.000000000000       4.229172845849720E-004  3.732137224887964E-004
   795.000000000000       4.437457086349777E-004  3.919829419219135E-004
   805.000000000000       4.645137271537311E-004  4.107356985203793E-004
   815.000000000000       4.852213484233623E-004  4.294719032221333E-004
   825.000000000000       5.058711441078782E-004  4.481937475456825E-004
   835.000000000000       5.264612693850531E-004  4.668994991262181E-004
   845.000000000000        0.00000000000000        0.00000000000000     
   855.000000000000        0.00000000000000        0.00000000000000     
   865.000000000000        0.00000000000000        0.00000000000000     
   875.000000000000        0.00000000000000        0.00000000000000     
   885.000000000000        0.00000000000000        0.00000000000000     
   895.000000000000        0.00000000000000        0.00000000000000     
   905.000000000000        0.00000000000000        0.00000000000000     
   915.000000000000        0.00000000000000        0.00000000000000     
   925.000000000000        0.00000000000000        0.00000000000000     
   935.000000000000        0.00000000000000        0.00000000000000     
   945.000000000000        0.00000000000000        0.00000000000000     
   955.000000000000        0.00000000000000        0.00000000000000     
   965.000000000000        0.00000000000000        0.00000000000000     
   975.000000000000        0.00000000000000        0.00000000000000     
   985.000000000000        0.00000000000000        0.00000000000000     
   995.000000000000        0.00000000000000        0.00000000000000     
   1005.00000000000        0.00000000000000        0.00000000000000     
   1015.00000000000        0.00000000000000        0.00000000000000     
   1025.00000000000        0.00000000000000        0.00000000000000     
   1035.00000000000        0.00000000000000        0.00000000000000     
   1045.00000000000        0.00000000000000        0.00000000000000     
   1055.00000000000        0.00000000000000        0.00000000000000     
   1065.00000000000        0.00000000000000        0.00000000000000     
   1075.00000000000        0.00000000000000        0.00000000000000     
   1085.00000000000        0.00000000000000        0.00000000000000     
   1095.00000000000        0.00000000000000        0.00000000000000     
   1105.00000000000        0.00000000000000        0.00000000000000     
   1115.00000000000        0.00000000000000        0.00000000000000     
   1125.00000000000        0.00000000000000        0.00000000000000     
   1135.00000000000        0.00000000000000        0.00000000000000     
   1145.00000000000        0.00000000000000        0.00000000000000     
   1155.00000000000        0.00000000000000        0.00000000000000     
   1165.00000000000        0.00000000000000        0.00000000000000     
   1175.00000000000        0.00000000000000        0.00000000000000     
   1185.00000000000        0.00000000000000        0.00000000000000     
   1195.00000000000        0.00000000000000        0.00000000000000     
   1205.00000000000        0.00000000000000        0.00000000000000     
   1215.00000000000        0.00000000000000        0.00000000000000     
   1225.00000000000        0.00000000000000        0.00000000000000     
   1235.00000000000        0.00000000000000        0.00000000000000     
   1245.00000000000        0.00000000000000        0.00000000000000     
   1255.00000000000        0.00000000000000        0.00000000000000     
   1265.00000000000        0.00000000000000        0.00000000000000     
   1275.00000000000        0.00000000000000        0.00000000000000     
   1285.00000000000        0.00000000000000        0.00000000000000     
   1295.00000000000        0.00000000000000        0.00000000000000     
   1305.00000000000        0.00000000000000        0.00000000000000     
   1315.00000000000        0.00000000000000        0.00000000000000     
   1325.00000000000        0.00000000000000        0.00000000000000     
   1335.00000000000        0.00000000000000        0.00000000000000     
   1345.00000000000        0.00000000000000        0.00000000000000     
   1355.00000000000        0.00000000000000        0.00000000000000     
   1365.00000000000        0.00000000000000        0.00000000000000     
   1375.00000000000        0.00000000000000        0.00000000000000     
   1385.00000000000        0.00000000000000        0.00000000000000     
   1395.00000000000        0.00000000000000        0.00000000000000     
   1405.00000000000        0.00000000000000        0.00000000000000     
   1415.00000000000        0.00000000000000        0.00000000000000     
   1425.00000000000        0.00000000000000        0.00000000000000     
   1435.00000000000        0.00000000000000        0.00000000000000     
   1445.00000000000        0.00000000000000        0.00000000000000     
   1455.00000000000        0.00000000000000        0.00000000000000     
   1465.00000000000        0.00000000000000        0.00000000000000     
   1475.00000000000        0.00000000000000        0.00000000000000     
   1485.00000000000        0.00000000000000        0.00000000000000     
   1495.00000000000        0.00000000000000        0.00000000000000     
   1505.00000000000        0.00000000000000        0.00000000000000     
   1515.00000000000        0.00000000000000        0.00000000000000     
   1525.00000000000        0.00000000000000        0.00000000000000     
   1535.00000000000        0.00000000000000        0.00000000000000     
   1545.00000000000        0.00000000000000        0.00000000000000     
   1555.00000000000        0.00000000000000        0.00000000000000     
   1565.00000000000        0.00000000000000        0.00000000000000     
   1575.00000000000        0.00000000000000        0.00000000000000     
   1585.00000000000        0.00000000000000        0.00000000000000     
   1595.00000000000        0.00000000000000        0.00000000000000     
   1605.00000000000        0.00000000000000        0.00000000000000     
 LWP
   205.400020667554     
 ThetaProf
         161           2
 Equal
   5.00000000000000        289.000000000000     
   15.0000000000000        289.000000000000     
   25.0000000000000        289.000000000000     
   35.0000000000000        289.000000000000     
   45.0000000000000        289.000000000000     
   55.0000000000000        289.000000000000     
   65.0000000000000        289.000000000000     
   75.0000000000000        289.000000000000     
   85.0000000000000        289.000000000000     
   95.0000000000000        289.000000000000     
   105.000000000000        289.000000000000     
   115.000000000000        289.000000000000     
   125.000000000000        289.000000000000     
   135.000000000000        289.000000000000     
   145.000000000000        289.000000000000     
   155.000000000000        289.000000000000     
   165.000000000000        289.000000000000     
   175.000000000000        289.000000000000     
   185.000000000000        289.000000000000     
   195.000000000000        289.000000000000     
   205.000000000000        289.000000000000     
   215.000000000000        289.000000000000     
   225.000000000000        289.000000000000     
   235.000000000000        289.000000000000     
   245.000000000000        289.000000000000     
   255.000000000000        289.000000000000     
   265.000000000000        289.000000000000     
   275.000000000000        289.000000000000     
   285.000000000000        289.000000000000     
   295.000000000000        289.000000000000     
   305.000000000000        289.000000000000     
   315.000000000000        289.000000000000     
   325.000000000000        289.000000000000     
   335.000000000000        289.000000000000     
   345.000000000000        289.000000000000     
   355.000000000000        289.000000000000     
   365.000000000000        289.000000000000     
   375.000000000000        289.000000000000     
   385.000000000000        289.000000000000     
   395.000000000000        289.000000000000     
   405.000000000000        289.000000000000     
   415.000000000000        289.000000000000     
   425.000000000000        289.000000000000     
   435.000000000000        289.000000000000     
   445.000000000000        289.000000000000     
   455.000000000000        289.000000000000     
   465.000000000000        289.000000000000     
   475.000000000000        289.000000000000     
   485.000000000000        289.000000000000     
   495.000000000000        289.000000000000     
   505.000000000000        289.000000000000     
   515.000000000000        289.000000000000     
   525.000000000000        289.000000000000     
   535.000000000000        289.000000000000     
   545.000000000000        289.000000000000     
   555.000000000000        289.000000000000     
   565.000000000000        289.000000000000     
   575.000000000000        289.000000000000     
   585.000000000000        289.000000000000     
   595.000000000000        289.000000000000     
   605.000000000000        289.000000000000     
   615.000000000000        289.000000000000     
   625.000000000000        289.000000000000     
   635.000000000000        289.000000000000     
   645.000000000000        289.000000000000     
   655.000000000000        289.000000000000     
   665.000000000000        289.000000000000     
   675.000000000000        289.000000000000     
   685.000000000000        289.000000000000     
   695.000000000000        289.000000000000     
   705.000000000000        289.000000000000     
   715.000000000000        289.000000000000     
   725.000000000000        289.000000000000     
   735.000000000000        289.000000000000     
   745.000000000000        289.000000000000     
   755.000000000000        289.000000000000     
   765.000000000000        289.000000000000     
   775.000000000000        289.000000000000     
   785.000000000000        289.000000000000     
   795.000000000000        289.000000000000     
   805.000000000000        289.000000000000     
   815.000000000000        289.000000000000     
   825.000000000000        289.000000000000     
   835.000000000000        289.000000000000     
   845.000000000000        299.664434571415     
   855.000000000000        300.224417546134     
   865.000000000000        300.617230363931     
   875.000000000000        300.929950868982     
   885.000000000000        301.194031377683     
   895.000000000000        301.424866498694     
   905.000000000000        301.631283539131     
   915.000000000000        301.818868768526     
   925.000000000000        301.991404413001     
   935.000000000000        302.151588846568     
   945.000000000000        302.301418963181     
   955.000000000000        302.442423569043     
   965.000000000000        302.575796331434     
   975.000000000000        302.702491539754     
   985.000000000000        302.823291271061     
   995.000000000000        302.938834943847     
   1005.00000000000        303.049658264988     
   1015.00000000000        303.156215603887     
   1025.00000000000        303.258896905177     
   1035.00000000000        303.358035635441     
   1045.00000000000        303.453922251972     
   1055.00000000000        303.546809989799     
   1065.00000000000        303.636923917597     
   1075.00000000000        303.724464740190     
   1085.00000000000        303.809602705013     
   1095.00000000000        303.892502460933     
   1105.00000000000        303.973302885068     
   1115.00000000000        304.052129561960     
   1125.00000000000        304.129106247717     
   1135.00000000000        304.204327945039     
   1145.00000000000        304.277897364777     
   1155.00000000000        304.349903717329     
   1165.00000000000        304.420421962951     
   1175.00000000000        304.489531502141     
   1185.00000000000        304.557298591682     
   1195.00000000000        304.623785942813     
   1205.00000000000        304.689054732713     
   1215.00000000000        304.753156361236     
   1225.00000000000        304.816143417088     
   1235.00000000000        304.878063307791     
   1245.00000000000        304.938958874027     
   1255.00000000000        304.998872650561     
   1265.00000000000        305.057842608855     
   1275.00000000000        305.115905090319     
   1285.00000000000        305.173094751355     
   1295.00000000000        305.229442678861     
   1305.00000000000        305.284979549068     
   1315.00000000000        305.339734136459     
   1325.00000000000        305.393733935044     
   1335.00000000000        305.447005389406     
   1345.00000000000        305.499569538572     
   1355.00000000000        305.551450293915     
   1365.00000000000        305.602670170514     
   1375.00000000000        305.653250441727     
   1385.00000000000        305.703211742391     
   1395.00000000000        305.752570603903     
   1405.00000000000        305.801343271639     
   1415.00000000000        305.849548812635     
   1425.00000000000        305.897203959960     
   1435.00000000000        305.944325009455     
   1445.00000000000        305.990926428072     
   1455.00000000000        306.037018471500     
   1465.00000000000        306.082617491207     
   1475.00000000000        306.127736826460     
   1485.00000000000        306.172389479739     
   1495.00000000000        306.216588188799     
   1505.00000000000        306.260340140407     
   1515.00000000000        306.303658742656     
   1525.00000000000        306.346554851131     
   1535.00000000000        306.389038968067     
   1545.00000000000        306.431121363499     
   1555.00000000000        306.472809853215     
   1565.00000000000        306.514113330312     
   1575.00000000000        306.555041349396     
   1585.00000000000        306.595602515181     
   1595.00000000000        306.635805223782     
   1605.00000000000        306.675656981365     
 ThProf
         161           2
 Equal
   5.00000000000000        290.573481310629     
   15.0000000000000        290.573716732566     
   25.0000000000000        290.573952232348     
   35.0000000000000        290.574187811236     
   45.0000000000000        290.574423506384     
   55.0000000000000        290.574659303976     
   65.0000000000000        290.574895212220     
   75.0000000000000        290.575131203479     
   85.0000000000000        290.575367285303     
   95.0000000000000        290.575603443459     
   105.000000000000        290.575839682819     
   115.000000000000        290.576075998946     
   125.000000000000        290.576312393582     
   135.000000000000        290.576548866679     
   145.000000000000        290.576785418657     
   155.000000000000        290.577022052188     
   165.000000000000        290.577258765387     
   175.000000000000        290.577495558208     
   185.000000000000        290.577732430707     
   195.000000000000        290.577969384553     
   205.000000000000        290.578206418618     
   215.000000000000        290.578443532857     
   225.000000000000        290.578680727221     
   235.000000000000        290.578918001666     
   245.000000000000        290.579155356143     
   255.000000000000        290.579392790604     
   265.000000000000        290.579630305002     
   275.000000000000        290.579867903837     
   285.000000000000        290.580105584242     
   295.000000000000        290.580343345599     
   305.000000000000        290.580581187864     
   315.000000000000        290.580819110989     
   325.000000000000        290.581057114929     
   335.000000000000        290.581295199636     
   345.000000000000        290.581533365063     
   355.000000000000        290.581771611163     
   365.000000000000        290.582009937887     
   375.000000000000        290.582248345187     
   385.000000000000        290.582486833013     
   395.000000000000        290.582725401318     
   405.000000000000        290.582964050050     
   415.000000000000        290.583202779159     
   425.000000000000        290.583441588595     
   435.000000000000        290.583680479049     
   445.000000000000        290.583919450629     
   455.000000000000        290.584158502564     
   465.000000000000        290.584397634803     
   475.000000000000        290.584636848702     
   485.000000000000        290.584876146063     
   495.000000000000        290.585115525168     
   505.000000000000        290.585354985972     
   515.000000000000        290.585594528424     
   525.000000000000        290.585834152478     
   535.000000000000        290.586073858083     
   545.000000000000        290.586313645190     
   555.000000000000        290.586553513721     
   565.000000000000        290.586793463514     
   575.000000000000        290.587033494686     
   585.000000000000        290.587214503163     
   595.000000000000        290.585140989748     
   605.000000000000        290.582047653789     
   615.000000000000        290.578956146694     
   625.000000000000        290.575865098010     
   635.000000000000        290.572775705849     
   645.000000000000        290.569687874380     
   655.000000000000        290.566601616553     
   665.000000000000        290.563517056210     
   675.000000000000        290.560434224152     
   685.000000000000        290.557353126321     
   695.000000000000        290.554273772817     
   705.000000000000        290.551196052744     
   715.000000000000        290.548120050621     
   725.000000000000        290.545045784098     
   735.000000000000        290.541973270893     
   745.000000000000        290.538902528788     
   755.000000000000        290.535833568613     
   765.000000000000        290.532766205027     
   775.000000000000        290.529700604545     
   785.000000000000        290.526636784982     
   795.000000000000        290.523574764222     
   805.000000000000        290.520514560214     
   815.000000000000        290.517456189705     
   825.000000000000        290.514399276232     
   835.000000000000        290.511344119704     
   845.000000000000        299.939828842541     
   855.000000000000        300.500367135730     
   865.000000000000        300.893581698265     
   875.000000000000        301.206630382601     
   885.000000000000        301.470994403010     
   895.000000000000        301.702082512019     
   905.000000000000        301.908730126641     
   915.000000000000        302.096528648522     
   925.000000000000        302.269263778411     
   935.000000000000        302.429636369172     
   945.000000000000        302.579645149141     
   955.000000000000        302.720820328869     
   965.000000000000        302.854356672107     
   975.000000000000        302.981209344806     
   985.000000000000        303.102161142386     
   995.000000000000        303.217852070638     
   1005.00000000000        303.328818328457     
   1015.00000000000        303.435514702560     
   1025.00000000000        303.538331495715     
   1035.00000000000        303.637602480754     
   1045.00000000000        303.733618381718     
   1055.00000000000        303.826632666186     
   1065.00000000000        303.916870609518     
   1075.00000000000        304.004533100855     
   1085.00000000000        304.089790543944     
   1095.00000000000        304.172807738879     
   1105.00000000000        304.253723690282     
   1115.00000000000        304.332664097993     
   1125.00000000000        304.409752831789     
   1135.00000000000        304.485084981551     
   1145.00000000000        304.558763352467     
   1155.00000000000        304.630877236847     
   1165.00000000000        304.701501663738     
   1175.00000000000        304.770716106562     
   1185.00000000000        304.838586882916     
   1195.00000000000        304.905176761609     
   1205.00000000000        304.970546975999     
   1215.00000000000        305.034748973103     
   1225.00000000000        305.097835389919     
   1235.00000000000        305.159853677488     
   1245.00000000000        305.220846715810     
   1255.00000000000        305.280857078705     
   1265.00000000000        305.339922772485     
   1275.00000000000        305.398080171919     
   1285.00000000000        305.455363965224     
   1295.00000000000        305.511805267823     
   1305.00000000000        305.567434784111     
   1315.00000000000        305.622281314979     
   1325.00000000000        305.676372379679     
   1335.00000000000        305.729734447072     
   1345.00000000000        305.782388575473     
   1355.00000000000        305.834358698210     
   1365.00000000000        305.885667351033     
   1375.00000000000        305.936335826834     
   1385.00000000000        305.986384779401     
   1395.00000000000        306.035830755279     
   1405.00000000000        306.084690014736     
   1415.00000000000        306.132981642329     
   1425.00000000000        306.180722386492     
   1435.00000000000        306.227928558033     
   1445.00000000000        306.274614637176     
   1455.00000000000        306.320790888983     
   1465.00000000000        306.366473679958     
   1475.00000000000        306.411676361616     
   1485.00000000000        306.456411948376     
   1495.00000000000        306.500693189696     
   1505.00000000000        306.544527278886     
   1515.00000000000        306.587927636373     
   1525.00000000000        306.630905127711     
   1535.00000000000        306.673470264776     
   1545.00000000000        306.715633327035     
   1555.00000000000        306.757402137432     
   1565.00000000000        306.798785597222     
   1575.00000000000        306.839793269790     
   1585.00000000000        306.880433767753     
   1595.00000000000        306.920715494933     
   1605.00000000000        306.960645964383     
 ThMProf
         161           2
 Equal
   5.00000000000000        2927.43930077903        290.412664941211       0.742579205302632     
   15.0000000000000        2924.99253448089        290.315516596104       0.746285958013673     
   25.0000000000000        2922.54715814012        290.218379233108       0.750013964028228     
   35.0000000000000        2920.10300853722        290.121241829363       0.753763827042928     
   45.0000000000000        2917.65984631695        290.024099364652       0.757535847064558     
   55.0000000000000        2915.21752151056        289.926937085128       0.761330831086085     
   65.0000000000000        2912.77609806581        289.829761889741       0.765148628626661     
   75.0000000000000        2910.33586261408        289.732584926144       0.768988957192954     
   85.0000000000000        2907.89673787452        289.635403321338       0.772852080525970     
   95.0000000000000        2905.45887432507        289.538223319548       0.776737900069620     
   105.000000000000        2903.02221969292        289.441042689973       0.780646657731023     
   115.000000000000        2900.58682026039        289.343863078905       0.784578441651129     
   125.000000000000        2898.15265685884        289.246683813379       0.788533431996649     
   135.000000000000        2895.71972931130        289.149504893393       0.792511783721083     
   145.000000000000        2893.28803392314        289.052326199958       0.796513657604142     
   155.000000000000        2890.85755024779        288.955147047246       0.800539238112635     
   165.000000000000        2888.42829183591        288.857967899439       0.804588665757935     
   175.000000000000        2886.00025851425        288.760788756535       0.808662100378247     
   185.000000000000        2883.57344981545        288.663609607200       0.812759703438598     
   195.000000000000        2881.14786072502        288.566430264661       0.816881644451288     
   205.000000000000        2878.72349413232        288.469250846964       0.821028082352563     
   215.000000000000        2876.30034986505        288.372071354109       0.825199181844973     
   225.000000000000        2873.87842775072        288.274891786095       0.829395108858417     
   235.000000000000        2871.45772761662        288.177712142923       0.833616030560111     
   245.000000000000        2869.03824928986        288.080532424592       0.837862115364692     
   255.000000000000        2866.61999259731        287.983352631104       0.842133532944388     
   265.000000000000        2864.20295736567        287.886172762457       0.846430454239254     
   275.000000000000        2861.78713492878        287.788992522127       0.850753062427506     
   285.000000000000        2859.37253040543        287.691812094637       0.855101524349269     
   295.000000000000        2856.95914469415        287.594631517330       0.859476013488871     
   305.000000000000        2854.54697762326        287.497450790207       0.863876706013382     
   315.000000000000        2852.13602902089        287.400269913267       0.868303779411100     
   325.000000000000        2849.72629871494        287.303088886512       0.872757412502371     
   335.000000000000        2847.31778653313        287.205907709941       0.877237785450507     
   345.000000000000        2844.91049230296        287.108726383553       0.881745079772792     
   355.000000000000        2842.50441585173        287.011544907350       0.886279478351644     
   365.000000000000        2840.09955700653        286.914363281330       0.890841165445789     
   375.000000000000        2837.69591559426        286.817181505495       0.895430326701593     
   385.000000000000        2835.29349144159        286.719999579843       0.900047149164484     
   395.000000000000        2832.89228437499        286.622817504375       0.904691821290473     
   405.000000000000        2830.49229422074        286.525635279091       0.909364532957761     
   415.000000000000        2828.09352080489        286.428452903991       0.914065475478479     
   425.000000000000        2825.69596395328        286.331270379075       0.918794841610507     
   435.000000000000        2823.29965569804        286.234089058095       0.923552756473656     
   445.000000000000        2820.90460269173        286.136909228351       0.928339399763413     
   455.000000000000        2818.51077347185        286.039729574879       0.933155035047620     
   465.000000000000        2816.11816786168        285.942550097681       0.937999860666513     
   475.000000000000        2813.72678015900        285.845370584505       0.942874086541762     
   485.000000000000        2811.33660295366        285.748190757292       0.947777927494891     
   495.000000000000        2808.94764262539        285.651010867711       0.952711574737774     
   505.000000000000        2806.55989900084        285.553830915761       0.957675232904922     
   515.000000000000        2804.17337190645        285.456650901442       0.962669108186296     
   525.000000000000        2801.78806116847        285.359470824755       0.967693408340182     
   535.000000000000        2799.40396661291        285.262290685700       0.972748342706246     
   545.000000000000        2797.02108806561        285.165110484275       0.977834122218669     
   555.000000000000        2794.63942975350        285.067930405426       0.982950949356801     
   565.000000000000        2792.25900736591        284.970751115864       0.988099001607612     
   575.000000000000        2789.87980563245        284.873571982328       0.993278528750857     
   585.000000000000        2787.50569665664        284.777235450762       0.998397126862045     
   595.000000000000        2785.28045242427        284.713026377848        1.00000013125233     
   605.000000000000        2783.12344439327        284.663371270483        1.00000032771931     
   615.000000000000        2780.96719043871        284.613691035506        1.00000059841366     
   625.000000000000        2778.81136997180        284.563982879105       0.999999995820528     
   635.000000000000        2776.65582739806        284.514235697936        1.00000000008630     
   645.000000000000        2774.50089339215        284.464460158933        1.00000000536525     
   655.000000000000        2772.34657886911        284.414656437135        1.00000000736093     
   665.000000000000        2770.19297237982        284.364826506333        1.00000000153771     
   675.000000000000        2768.04009116128        284.314970630949       0.999999994176219     
   685.000000000000        2765.88792464147        284.265088588185       0.999999992020006     
   695.000000000000        2763.73647194842        284.215180321521       0.999999998674476     
   705.000000000000        2761.58571112195        284.165244886979       0.999999978320600     
   715.000000000000        2759.43565433608        284.115282777012       0.999999958359850     
   725.000000000000        2757.28630206231        284.065293991620       0.999999944702872     
   735.000000000000        2755.13765477198        284.015278530805       0.999999943355971     
   745.000000000000        2752.98971293632        283.965236394565       0.999999960422134     
   755.000000000000        2750.84247760583        283.915167562434       0.999999998629060     
   765.000000000000        2748.69596600534        283.865071442664       0.999999963398825     
   775.000000000000        2746.55016631258        283.814948469498       0.999999934124228     
   785.000000000000        2744.40507899874        283.764798642936       0.999999916916997     
   795.000000000000        2742.26070453489        283.714621962977       0.999999917987591     
   805.000000000000        2740.11704339192        283.664418429623       0.999999943646281     
   815.000000000000        2737.97409601572        283.614188036837       0.999999999757017     
   825.000000000000        2735.83185514717        283.563928910623       0.999999922040828     
   835.000000000000        2733.69032680513        283.513642395321       0.999999837626678     
   845.000000000000        2656.59057036509        292.672332602573       9.766256820112636E-002
   855.000000000000        2651.47842965773        293.121544862458       9.486666017068342E-002
   865.000000000000        2647.24511909806        293.407382976455       9.309476948368503E-002
   875.000000000000        2643.43467637206        293.614933817800       9.180201190501848E-002
   885.000000000000        2639.88224155194        293.774932917219       9.079484023160057E-002
   895.000000000000        2636.50704506729        293.902425046855       8.997979098729190E-002
   905.000000000000        2633.26272372276        294.006037431817       8.930390435956634E-002
   915.000000000000        2630.11989469762        294.091230212865       8.873402294610268E-002
   925.000000000000        2627.05864491600        294.161700417599       8.824791881855427E-002
   935.000000000000        2624.06474990311        294.220085824014       8.782988344877268E-002
   945.000000000000        2621.12767177172        294.268338573468       8.746839468451605E-002
   955.000000000000        2618.23933053987        294.307953377597       8.715470767580888E-002
   965.000000000000        2615.39341131564        294.340097263301       8.688204971097280E-002
   975.000000000000        2612.58485947928        294.365703292385       8.664504927490366E-002
   985.000000000000        2609.80952415633        294.385536253872       8.643934008819198E-002
   995.000000000000        2607.06400069588        294.400221643722       8.626137594678501E-002
   1005.00000000000        2604.34544762656        294.410283189830       8.610821030999828E-002
   1015.00000000000        2601.65144266206        294.416165347488       8.597736108374217E-002
   1025.00000000000        2598.97990465113        294.418249559629       8.586671386843725E-002
   1035.00000000000        2596.32905519262        294.416861956921       8.577447316269404E-002
   1045.00000000000        2593.69733965216        294.412286706343       8.569908553760194E-002
   1055.00000000000        2591.08340206773        294.404771554352       8.563920595104221E-002
   1065.00000000000        2588.48603527583        294.394536718499       8.559364732434498E-002
   1075.00000000000        2585.90416144915        294.381778582869       8.556135838484710E-002
   1085.00000000000        2583.33686621197        294.366663683278       8.554145318000535E-002
   1095.00000000000        2580.78326353075        294.349353077305       8.553308115775089E-002
   1105.00000000000        2578.24260349175        294.329982719831       8.553552907927130E-002
   1115.00000000000        2575.71420557216        294.308675614084       8.554815605377118E-002
   1125.00000000000        2573.19739781078        294.285552927328       8.557033419157019E-002
   1135.00000000000        2570.69167054733        294.260707534457       8.560158748155443E-002
   1145.00000000000        2568.19646515641        294.234240006433       8.564140134271135E-002
   1155.00000000000        2565.71129724236        294.206237667455       8.568933268602716E-002
   1165.00000000000        2563.23575798248        294.176773952190       8.574501298617629E-002
   1175.00000000000        2560.76941509574        294.145926577212       8.580805213617826E-002
   1185.00000000000        2558.31190751462        294.113760417202       8.587812860312506E-002
   1195.00000000000        2555.86289294827        294.080336875789       8.595493976593178E-002
   1205.00000000000        2553.42203671724        294.045715854001       8.603819127726459E-002
   1215.00000000000        2550.98905703902        294.009947701799       8.612763964391031E-002
   1225.00000000000        2548.56366527206        293.973083919795       8.622303536513704E-002
   1235.00000000000        2546.14560089073        293.935170940195       8.632415584982500E-002
   1245.00000000000        2543.73462855521        293.896250719857       8.643080227527140E-002
   1255.00000000000        2541.33051371895        293.856364921091       8.654277721310639E-002
   1265.00000000000        2538.93304663725        293.815550750903       8.665990681180986E-002
   1275.00000000000        2536.54202623939        293.773843819347       8.678202551662796E-002
   1285.00000000000        2534.15726047293        293.731278086309       8.690897631236760E-002
   1295.00000000000        2531.77857726167        293.687884008141       8.704062069792133E-002
   1305.00000000000        2529.40580612569        293.643691650115       8.717682193035638E-002
   1315.00000000000        2527.03878706982        293.598729212173       8.731745295055619E-002
   1325.00000000000        2524.67736703127        293.553023639900       8.746239308320991E-002
   1335.00000000000        2522.32139861822        293.506600850280       8.761152680271393E-002
   1345.00000000000        2519.97076400832        293.459481465340       8.776476693787914E-002
   1355.00000000000        2517.62532958275        293.411688918004       8.792201070914279E-002
   1365.00000000000        2515.28496930364        293.363245271412       8.808316235637094E-002
   1375.00000000000        2512.94956386882        293.314171369786       8.824813233842620E-002
   1385.00000000000        2510.61899739522        293.264487428635       8.841683411503244E-002
   1395.00000000000        2508.29317672124        293.214209677957       8.858920263652161E-002
   1405.00000000000        2505.97201018720        293.163354062870       8.876517412043183E-002
   1415.00000000000        2503.65539029601        293.111939256412       8.894466935027058E-002
   1425.00000000000        2501.34322242620        293.059981664269       8.912762118293607E-002
   1435.00000000000        2499.03541426787        293.007497264040       8.931396443058576E-002
   1445.00000000000        2496.73188342554        292.954500257118       8.950364337188255E-002
   1455.00000000000        2494.43257047549        292.901000760115       8.969662475233237E-002
   1465.00000000000        2492.13738250915        292.847014798370       8.989284204603855E-002
   1475.00000000000        2489.84624296586        292.792555477046       9.009224460806176E-002
   1485.00000000000        2487.55907697365        292.737635575946       9.029478324229215E-002
   1495.00000000000        2485.27581093356        292.682267620458       9.050040979962234E-002
   1505.00000000000        2482.99640808836        292.626458492459       9.070910789477130E-002
   1515.00000000000        2480.72078957762        292.570221423565       9.092082477954334E-002
   1525.00000000000        2478.44889337748        292.513567052279       9.113552208264372E-002
   1535.00000000000        2476.18065961440        292.456505662394       9.135316313148814E-002
   1545.00000000000        2473.91602981780        292.399047303942       9.157371226704793E-002
   1555.00000000000        2471.65495651584        292.341199746799       9.179714653348160E-002
   1565.00000000000        2469.39738787996        292.282971738652       9.202343718654601E-002
   1575.00000000000        2467.14326946393        292.224372623829       9.225255178617373E-002
   1585.00000000000        2464.89255114966        292.165410859859       9.248446267865371E-002
   1595.00000000000        2462.64518388210        292.106094703042       9.271914309372027E-002
   1605.00000000000        2460.40112436397        292.046431503096       9.295657129024137E-002
 ThetaEProf
         161           2
 Equal
   5.00000000000000        307.593984613907     
   15.0000000000000        307.593791112730     
   25.0000000000000        307.593602240705     
   35.0000000000000        307.593413305760     
   45.0000000000000        307.593228898316     
   55.0000000000000        307.593039948006     
   65.0000000000000        307.592850972982     
   75.0000000000000        307.592661770532     
   85.0000000000000        307.592472510089     
   95.0000000000000        307.592283429071     
   105.000000000000        307.592094376870     
   115.000000000000        307.591905177401     
   125.000000000000        307.591715893312     
   135.000000000000        307.591526518001     
   145.000000000000        307.591337069974     
   155.000000000000        307.591147688009     
   165.000000000000        307.590958268220     
   175.000000000000        307.590768804483     
   185.000000000000        307.590579294858     
   195.000000000000        307.590389802681     
   205.000000000000        307.590200278176     
   215.000000000000        307.590010715296     
   225.000000000000        307.589821107974     
   235.000000000000        307.589631450121     
   245.000000000000        307.589441735627     
   255.000000000000        307.589251958358     
   265.000000000000        307.589062112162     
   275.000000000000        307.588872419486     
   285.000000000000        307.588682732592     
   295.000000000000        307.588493016736     
   305.000000000000        307.588303265911     
   315.000000000000        307.588113474087     
   325.000000000000        307.587923635212     
   335.000000000000        307.587733743214     
   345.000000000000        307.587543791998     
   355.000000000000        307.587353775448     
   365.000000000000        307.587163687428     
   375.000000000000        307.586973521777     
   385.000000000000        307.586783272314     
   395.000000000000        307.586592932837     
   405.000000000000        307.586402497119     
   415.000000000000        307.586211958914     
   425.000000000000        307.586021311952     
   435.000000000000        307.585830796124     
   445.000000000000        307.585640456365     
   455.000000000000        307.585450046685     
   465.000000000000        307.585259560496     
   475.000000000000        307.585069045357     
   485.000000000000        307.584878566150     
   495.000000000000        307.584688052571     
   505.000000000000        307.584497498373     
   515.000000000000        307.584306897288     
   525.000000000000        307.584116243022     
   535.000000000000        307.583925529263     
   545.000000000000        307.583734749674     
   555.000000000000        307.583543924058     
   565.000000000000        307.583353140031     
   575.000000000000        307.583162305138     
   585.000000000000        307.583166297295     
   595.000000000000        307.590602674871     
   605.000000000000        307.601419851973     
   615.000000000000        307.612253539510     
   625.000000000000        307.623103622989     
   635.000000000000        307.633973396702     
   645.000000000000        307.644860278057     
   655.000000000000        307.655764169977     
   665.000000000000        307.666684577940     
   675.000000000000        307.677621362737     
   685.000000000000        307.688574767176     
   695.000000000000        307.699544869700     
   705.000000000000        307.710530916313     
   715.000000000000        307.721533498834     
   725.000000000000        307.732552748475     
   735.000000000000        307.743588796896     
   745.000000000000        307.754641776203     
   755.000000000000        307.765711734819     
   765.000000000000        307.776796370600     
   775.000000000000        307.787897598048     
   785.000000000000        307.799015548868     
   795.000000000000        307.810150355211     
   805.000000000000        307.821302149677     
   815.000000000000        307.832471052584     
   825.000000000000        307.843653240406     
   835.000000000000        307.854851676521     
   845.000000000000        302.820850890245     
   855.000000000000        303.384744274564     
   865.000000000000        303.780286266120     
   875.000000000000        304.095169969471     
   885.000000000000        304.361070291879     
   895.000000000000        304.593490477543     
   905.000000000000        304.801320008842     
   915.000000000000        304.990184879751     
   925.000000000000        305.163893988975     
   935.000000000000        305.325164780098     
   945.000000000000        305.476008144698     
   955.000000000000        305.617963762783     
   965.000000000000        305.752233611924     
   975.000000000000        305.879778611799     
   985.000000000000        306.001386493595     
   995.000000000000        306.117701583994     
   1005.00000000000        306.229262914120     
   1015.00000000000        306.336528175719     
   1025.00000000000        306.439890161151     
   1035.00000000000        306.539684530461     
   1045.00000000000        306.636203849452     
   1055.00000000000        306.729703112084     
   1065.00000000000        306.820409011113     
   1075.00000000000        306.908523718008     
   1085.00000000000        306.994218466749     
   1095.00000000000        307.077659132441     
   1105.00000000000        307.158985574874     
   1115.00000000000        307.238324360941     
   1125.00000000000        307.315800428757     
   1135.00000000000        307.391508927867     
   1145.00000000000        307.465553531375     
   1155.00000000000        307.538024099230     
   1165.00000000000        307.608996040147     
   1175.00000000000        307.678549426993     
   1185.00000000000        307.746750906176     
   1195.00000000000        307.813663596827     
   1205.00000000000        307.879349174351     
   1215.00000000000        307.943859319572     
   1225.00000000000        308.007247049174     
   1235.00000000000        308.069560108227     
   1245.00000000000        308.130841573937     
   1255.00000000000        308.191134323095     
   1265.00000000000        308.250476581061     
   1275.00000000000        308.308904956617     
   1285.00000000000        308.366454379648     
   1295.00000000000        308.423156102673     
   1305.00000000000        308.479041041898     
   1315.00000000000        308.534138182443     
   1325.00000000000        308.588475229910     
   1335.00000000000        308.642078848042     
   1345.00000000000        308.694970103098     
   1355.00000000000        308.747173104190     
   1365.00000000000        308.798710545921     
   1375.00000000000        308.849603866320     
   1385.00000000000        308.899873875349     
   1395.00000000000        308.949537141499     
   1405.00000000000        308.998609963258     
   1415.00000000000        309.047111613597     
   1425.00000000000        309.095058964904     
   1435.00000000000        309.142468465528     
   1445.00000000000        309.189354690886     
   1455.00000000000        309.235727857238     
   1465.00000000000        309.281604557753     
   1475.00000000000        309.326998280552     
   1485.00000000000        309.371922194336     
   1495.00000000000        309.416389224540     
   1505.00000000000        309.460406064293     
   1515.00000000000        309.503986485409     
   1525.00000000000        309.547141411381     
   1535.00000000000        309.589881398342     
   1545.00000000000        309.632216767017     
   1555.00000000000        309.674155462392     
   1565.00000000000        309.715706459306     
   1575.00000000000        309.756879367486     
   1585.00000000000        309.797682880123     
   1595.00000000000        309.838125491722     
   1605.00000000000        309.878214708694     
 TProf
         161           2
 Equal
   5.00000000000000        290.412664941211     
   15.0000000000000        290.315516596104     
   25.0000000000000        290.218379233108     
   35.0000000000000        290.121241829363     
   45.0000000000000        290.024099364652     
   55.0000000000000        289.926937085128     
   65.0000000000000        289.829761889741     
   75.0000000000000        289.732584926144     
   85.0000000000000        289.635403321338     
   95.0000000000000        289.538223319548     
   105.000000000000        289.441042689973     
   115.000000000000        289.343863078905     
   125.000000000000        289.246683813379     
   135.000000000000        289.149504893393     
   145.000000000000        289.052326199958     
   155.000000000000        288.955147047246     
   165.000000000000        288.857967899439     
   175.000000000000        288.760788756535     
   185.000000000000        288.663609607200     
   195.000000000000        288.566430264661     
   205.000000000000        288.469250846964     
   215.000000000000        288.372071354109     
   225.000000000000        288.274891786095     
   235.000000000000        288.177712142923     
   245.000000000000        288.080532424592     
   255.000000000000        287.983352631104     
   265.000000000000        287.886172762457     
   275.000000000000        287.788992522127     
   285.000000000000        287.691812094637     
   295.000000000000        287.594631517330     
   305.000000000000        287.497450790207     
   315.000000000000        287.400269913267     
   325.000000000000        287.303088886512     
   335.000000000000        287.205907709941     
   345.000000000000        287.108726383553     
   355.000000000000        287.011544907350     
   365.000000000000        286.914363281330     
   375.000000000000        286.817181505495     
   385.000000000000        286.719999579843     
   395.000000000000        286.622817504375     
   405.000000000000        286.525635279091     
   415.000000000000        286.428452903991     
   425.000000000000        286.331270379075     
   435.000000000000        286.234089058095     
   445.000000000000        286.136909228351     
   455.000000000000        286.039729574879     
   465.000000000000        285.942550097681     
   475.000000000000        285.845370584505     
   485.000000000000        285.748190757292     
   495.000000000000        285.651010867711     
   505.000000000000        285.553830915761     
   515.000000000000        285.456650901442     
   525.000000000000        285.359470824755     
   535.000000000000        285.262290685700     
   545.000000000000        285.165110484275     
   555.000000000000        285.067930405426     
   565.000000000000        284.970751115864     
   575.000000000000        284.873571982328     
   585.000000000000        284.777235450762     
   595.000000000000        284.713026377848     
   605.000000000000        284.663371270483     
   615.000000000000        284.613691035506     
   625.000000000000        284.563982879105     
   635.000000000000        284.514235697936     
   645.000000000000        284.464460158933     
   655.000000000000        284.414656437135     
   665.000000000000        284.364826506333     
   675.000000000000        284.314970630949     
   685.000000000000        284.265088588185     
   695.000000000000        284.215180321521     
   705.000000000000        284.165244886979     
   715.000000000000        284.115282777012     
   725.000000000000        284.065293991620     
   735.000000000000        284.015278530805     
   745.000000000000        283.965236394565     
   755.000000000000        283.915167562434     
   765.000000000000        283.865071442664     
   775.000000000000        283.814948469498     
   785.000000000000        283.764798642936     
   795.000000000000        283.714621962977     
   805.000000000000        283.664418429623     
   815.000000000000        283.614188036837     
   825.000000000000        283.563928910623     
   835.000000000000        283.513642395321     
   845.000000000000        292.672332602573     
   855.000000000000        293.121544862458     
   865.000000000000        293.407382976455     
   875.000000000000        293.614933817800     
   885.000000000000        293.774932917219     
   895.000000000000        293.902425046855     
   905.000000000000        294.006037431817     
   915.000000000000        294.091230212865     
   925.000000000000        294.161700417599     
   935.000000000000        294.220085824014     
   945.000000000000        294.268338573468     
   955.000000000000        294.307953377597     
   965.000000000000        294.340097263301     
   975.000000000000        294.365703292385     
   985.000000000000        294.385536253872     
   995.000000000000        294.400221643722     
   1005.00000000000        294.410283189830     
   1015.00000000000        294.416165347488     
   1025.00000000000        294.418249559629     
   1035.00000000000        294.416861956921     
   1045.00000000000        294.412286706343     
   1055.00000000000        294.404771554352     
   1065.00000000000        294.394536718499     
   1075.00000000000        294.381778582869     
   1085.00000000000        294.366663683278     
   1095.00000000000        294.349353077305     
   1105.00000000000        294.329982719831     
   1115.00000000000        294.308675614084     
   1125.00000000000        294.285552927328     
   1135.00000000000        294.260707534457     
   1145.00000000000        294.234240006433     
   1155.00000000000        294.206237667455     
   1165.00000000000        294.176773952190     
   1175.00000000000        294.145926577212     
   1185.00000000000        294.113760417202     
   1195.00000000000        294.080336875789     
   1205.00000000000        294.045715854001     
   1215.00000000000        294.009947701799     
   1225.00000000000        293.973083919795     
   1235.00000000000        293.935170940195     
   1245.00000000000        293.896250719857     
   1255.00000000000        293.856364921091     
   1265.00000000000        293.815550750903     
   1275.00000000000        293.773843819347     
   1285.00000000000        293.731278086309     
   1295.00000000000        293.687884008141     
   1305.00000000000        293.643691650115     
   1315.00000000000        293.598729212173     
   1325.00000000000        293.553023639900     
   1335.00000000000        293.506600850280     
   1345.00000000000        293.459481465340     
   1355.00000000000        293.411688918004     
   1365.00000000000        293.363245271412     
   1375.00000000000        293.314171369786     
   1385.00000000000        293.264487428635     
   1395.00000000000        293.214209677957     
   1405.00000000000        293.163354062870     
   1415.00000000000        293.111939256412     
   1425.00000000000        293.059981664269     
   1435.00000000000        293.007497264040     
   1445.00000000000        292.954500257118     
   1455.00000000000        292.901000760115     
   1465.00000000000        292.847014798370     
   1475.00000000000        292.792555477046     
   1485.00000000000        292.737635575946     
   1495.00000000000        292.682267620458     
   1505.00000000000        292.626458492459     
   1515.00000000000        292.570221423565     
   1525.00000000000        292.513567052279     
   1535.00000000000        292.456505662394     
   1545.00000000000        292.399047303942     
   1555.00000000000        292.341199746799     
   1565.00000000000        292.282971738652     
   1575.00000000000        292.224372623829     
   1585.00000000000        292.165410859859     
   1595.00000000000        292.106094703042     
   1605.00000000000        292.046431503096     
 ThetaLProf
         161           2
 Equal
   5.00000000000000        291.832235269188     
   15.0000000000000        291.637032009934     
   25.0000000000000        291.441905553638     
   35.0000000000000        291.246844322103     
   45.0000000000000        291.051827933647     
   55.0000000000000        290.856847354824     
   65.0000000000000        290.661906175955     
   75.0000000000000        290.467027040884     
   85.0000000000000        290.272203983345     
   95.0000000000000        290.077449161614     
   105.000000000000        289.882758353232     
   115.000000000000        289.688135056187     
   125.000000000000        289.493577898844     
   135.000000000000        289.299086922635     
   145.000000000000        289.104661856299     
   155.000000000000        288.910300938181     
   165.000000000000        288.716005429348     
   175.000000000000        288.521775371042     
   185.000000000000        288.327610750631     
   195.000000000000        288.133510720120     
   205.000000000000        287.939475882322     
   215.000000000000        287.745506278410     
   225.000000000000        287.551601949632     
   235.000000000000        287.357762937313     
   245.000000000000        287.163989282856     
   255.000000000000        286.970281027737     
   265.000000000000        286.776638213511     
   275.000000000000        286.583058733968     
   285.000000000000        286.389543965381     
   295.000000000000        286.196094219303     
   305.000000000000        286.002709536961     
   315.000000000000        285.809389959658     
   325.000000000000        285.616135528772     
   335.000000000000        285.422946285759     
   345.000000000000        285.229822272152     
   355.000000000000        285.036763529561     
   365.000000000000        284.843770099672     
   375.000000000000        284.650842024250     
   385.000000000000        284.457979345136     
   395.000000000000        284.265182104248     
   405.000000000000        284.072450343586     
   415.000000000000        283.879784105222     
   425.000000000000        283.687183431311     
   435.000000000000        283.494649406178     
   445.000000000000        283.302182291340     
   455.000000000000        283.109781115922     
   465.000000000000        282.917445921951     
   475.000000000000        282.725175975519     
   485.000000000000        282.532970301257     
   495.000000000000        282.340829860566     
   505.000000000000        282.148754695055     
   515.000000000000        281.956744846407     
   525.000000000000        281.764800356386     
   535.000000000000        281.572921266832     
   545.000000000000        281.381107619664     
   555.000000000000        281.189359651311     
   565.000000000000        280.997678104397     
   575.000000000000        280.806062329983     
   585.000000000000        280.614521495314     
   595.000000000000        280.423407771376     
   605.000000000000        280.232594650582     
   615.000000000000        280.041881649840     
   625.000000000000        279.851224762574     
   635.000000000000        279.660633997311     
   645.000000000000        279.470128976978     
   655.000000000000        279.279710379735     
   665.000000000000        279.089385756875     
   675.000000000000        278.899156547349     
   685.000000000000        278.709022147771     
   695.000000000000        278.518982557012     
   705.000000000000        278.329033602072     
   715.000000000000        278.139177857223     
   725.000000000000        277.949415584583     
   735.000000000000        277.759747046712     
   745.000000000000        277.570172506604     
   755.000000000000        277.380692081772     
   765.000000000000        277.191301814926     
   775.000000000000        277.002005063385     
   785.000000000000        276.812802090200     
   795.000000000000        276.623693158859     
   805.000000000000        276.434678533293     
   815.000000000000        276.245758444733     
   825.000000000000        276.056922862873     
   835.000000000000        275.868179427096     
   845.000000000000        285.843378095801     
   855.000000000000        286.186715823060     
   865.000000000000        286.370452819815     
   875.000000000000        286.477730514763     
   885.000000000000        286.538583849116     
   895.000000000000        286.567715700513     
   905.000000000000        286.573557772652     
   915.000000000000        286.561446801623     
   925.000000000000        286.534996512864     
   935.000000000000        286.496785414939     
   945.000000000000        286.448721912002     
   955.000000000000        286.392267322540     
   965.000000000000        286.328562653017     
   975.000000000000        286.258520233465     
   985.000000000000        286.182887877290     
   995.000000000000        286.102277259070     
   1005.00000000000        286.017200576926     
   1015.00000000000        285.928092518270     
   1025.00000000000        285.835326151403     
   1035.00000000000        285.739220484133     
   1045.00000000000        285.640053487640     
   1055.00000000000        285.538067533894     
   1065.00000000000        285.433478062176     
   1075.00000000000        285.326477192184     
   1085.00000000000        285.217227910177     
   1095.00000000000        285.105887726296     
   1105.00000000000        284.992589714327     
   1115.00000000000        284.877454284870     
   1125.00000000000        284.760599921464     
   1135.00000000000        284.642117639387     
   1145.00000000000        284.522105795701     
   1155.00000000000        284.400649847210     
   1165.00000000000        284.277821756377     
   1175.00000000000        284.153697533019     
   1185.00000000000        284.028340719953     
   1195.00000000000        283.901811443531     
   1205.00000000000        283.774168314872     
   1215.00000000000        283.645460682158     
   1225.00000000000        283.515738943944     
   1235.00000000000        283.385048565533     
   1245.00000000000        283.253430658109     
   1255.00000000000        283.120926000623     
   1265.00000000000        282.987571046577     
   1275.00000000000        282.853400673714     
   1285.00000000000        282.718448135601     
   1295.00000000000        282.582743287275     
   1305.00000000000        282.446315574301     
   1315.00000000000        282.309192620778     
   1325.00000000000        282.171400817628     
   1335.00000000000        282.032965540809     
   1345.00000000000        281.893907051018     
   1355.00000000000        281.754248290521     
   1365.00000000000        281.614010861738     
   1375.00000000000        281.473215173428     
   1385.00000000000        281.331881008325     
   1395.00000000000        281.190024330528     
   1405.00000000000        281.047660812276     
   1415.00000000000        280.904808699493     
   1425.00000000000        280.761484059583     
   1435.00000000000        280.617702533135     
   1445.00000000000        280.473478047721     
   1455.00000000000        280.328820617830     
   1465.00000000000        280.183745883685     
   1475.00000000000        280.038266682956     
   1485.00000000000        279.892395528748     
   1495.00000000000        279.746144677592     
   1505.00000000000        279.599521003209     
   1515.00000000000        279.452537410802     
   1525.00000000000        279.305204325277     
   1535.00000000000        279.157531822593     
   1545.00000000000        279.009529745202     
   1555.00000000000        278.861205757518     
   1565.00000000000        278.712568444739     
   1575.00000000000        278.563626949193     
   1585.00000000000        278.414389560930     
   1595.00000000000        278.264864369733     
   1605.00000000000        278.115058596338     
 PreProf
         161           2
 Equal
   5.00000000000000        101720.454947541     
   15.0000000000000        101601.481049303     
   25.0000000000000        101482.607130267     
   35.0000000000000        101363.832529168     
   45.0000000000000        101245.138524440     
   55.0000000000000        101126.532103468     
   65.0000000000000        101008.009163444     
   75.0000000000000        100889.583596821     
   85.0000000000000        100771.251605416     
   95.0000000000000        100653.020306822     
   105.000000000000        100534.887238607     
   115.000000000000        100416.854594525     
   125.000000000000        100298.921477821     
   135.000000000000        100181.087888495     
   145.000000000000        100063.353591941     
   155.000000000000        99945.7172359606     
   165.000000000000        99828.1797357468     
   175.000000000000        99710.7410912991     
   185.000000000000        99593.4012511037     
   195.000000000000        99476.1593663007     
   205.000000000000        99359.0159733921     
   215.000000000000        99241.9710723780     
   225.000000000000        99125.0246632583     
   235.000000000000        99008.1767460330     
   245.000000000000        98891.4273207022     
   255.000000000000        98774.7763872659     
   265.000000000000        98658.2239457240     
   275.000000000000        98541.7677676699     
   285.000000000000        98425.4092397936     
   295.000000000000        98309.1486427511     
   305.000000000000        98192.9859765422     
   315.000000000000        98076.9212411671     
   325.000000000000        97960.9544366256     
   335.000000000000        97845.0855629179     
   345.000000000000        97729.3146200439     
   355.000000000000        97613.6416080035     
   365.000000000000        97498.0665267969     
   375.000000000000        97382.5893764240     
   385.000000000000        97267.2101568848     
   395.000000000000        97151.9288681793     
   405.000000000000        97036.7455103075     
   415.000000000000        96921.6600832695     
   425.000000000000        96806.6725870651     
   435.000000000000        96691.7826652969     
   445.000000000000        96576.9902423290     
   455.000000000000        96462.2956643465     
   465.000000000000        96347.6989313494     
   475.000000000000        96233.1993692906     
   485.000000000000        96118.7960951328     
   495.000000000000        96004.4899081028     
   505.000000000000        95890.2808082004     
   515.000000000000        95776.1687954259     
   525.000000000000        95662.1538697790     
   535.000000000000        95548.2360312599     
   545.000000000000        95434.4152798685     
   555.000000000000        95320.6916298413     
   565.000000000000        95207.0651324997     
   575.000000000000        95093.5357095350     
   585.000000000000        94980.1032138736     
   595.000000000000        94866.7813596083     
   605.000000000000        94753.6030171179     
   615.000000000000        94640.5401310571     
   625.000000000000        94527.5672433210     
   635.000000000000        94414.6892825583     
   645.000000000000        94301.9181678222     
   655.000000000000        94189.2542503760     
   665.000000000000        94076.7019546371     
   675.000000000000        93964.2621175382     
   685.000000000000        93851.9341855156     
   695.000000000000        93739.7180402335     
   705.000000000000        93627.6117052422     
   715.000000000000        93515.6162116144     
   725.000000000000        93403.7315593503     
   735.000000000000        93291.9577484496     
   745.000000000000        93180.2947789125     
   755.000000000000        93068.7426173307     
   765.000000000000        92957.3002977934     
   775.000000000000        92845.9685291159     
   785.000000000000        92734.7473112981     
   795.000000000000        92623.6366443400     
   805.000000000000        92512.6365282417     
   815.000000000000        92401.7469518243     
   825.000000000000        92290.9644439602     
   835.000000000000        92180.2914947155     
   845.000000000000        92072.6190643035     
   855.000000000000        91965.3377932236     
   865.000000000000        91858.3112615431     
   875.000000000000        91751.4977257301     
   885.000000000000        91644.8744926731     
   895.000000000000        91538.4269193333     
   905.000000000000        91432.1445633473     
   915.000000000000        91326.0195281552     
   925.000000000000        91220.0456038818     
   935.000000000000        91114.2177504097     
   945.000000000000        91008.5317666671     
   955.000000000000        90902.9841053821     
   965.000000000000        90797.5716679451     
   975.000000000000        90692.2917641956     
   985.000000000000        90587.1420203087     
   995.000000000000        90482.1203132495     
   1005.00000000000        90377.2247491534     
   1015.00000000000        90272.4536114340     
   1025.00000000000        90167.8053345790     
   1035.00000000000        90063.2784852112     
   1045.00000000000        89958.8717433440     
   1055.00000000000        89854.5838944837     
   1065.00000000000        89750.4138144764     
   1075.00000000000        89646.3604546119     
   1085.00000000000        89542.4228143222     
   1095.00000000000        89438.5999458110     
   1105.00000000000        89334.8909896603     
   1115.00000000000        89231.2951427331     
   1125.00000000000        89127.8116133587     
   1135.00000000000        89024.4396730758     
   1145.00000000000        88921.1786170418     
   1155.00000000000        88818.0277803614     
   1165.00000000000        88714.9865441747     
   1175.00000000000        88612.0542975203     
   1185.00000000000        88509.2304689599     
   1195.00000000000        88406.5145083435     
   1205.00000000000        88303.9058822736     
   1215.00000000000        88201.4040899130     
   1225.00000000000        88099.0086377832     
   1235.00000000000        87996.7190549541     
   1245.00000000000        87894.5348923156     
   1255.00000000000        87792.4557079753     
   1265.00000000000        87690.4810820943     
   1275.00000000000        87588.6106064320     
   1285.00000000000        87486.8438845526     
   1295.00000000000        87385.1805385516     
   1305.00000000000        87283.6201978219     
   1315.00000000000        87182.1625043441     
   1325.00000000000        87080.8071104765     
   1335.00000000000        86979.5536781316     
   1345.00000000000        86878.4018746881     
   1355.00000000000        86777.3513778916     
   1365.00000000000        86676.4018718295     
   1375.00000000000        86575.5530460525     
   1385.00000000000        86474.8045950151     
   1395.00000000000        86374.1562454643     
   1405.00000000000        86273.6077270253     
   1415.00000000000        86173.1587483224     
   1425.00000000000        86072.8090375561     
   1435.00000000000        85972.5583280693     
   1445.00000000000        85872.4063623807     
   1455.00000000000        85772.3528991970     
   1465.00000000000        85672.3976822570     
   1475.00000000000        85572.5404675746     
   1485.00000000000        85472.7810152373     
   1495.00000000000        85373.1190890368     
   1505.00000000000        85273.5544804946     
   1515.00000000000        85174.0869552217     
   1525.00000000000        85074.7162928233     
   1535.00000000000        84975.4422768440     
   1545.00000000000        84876.2646941746     
   1555.00000000000        84777.1833426263     
   1565.00000000000        84678.1980186471     
   1575.00000000000        84579.3085186619     
   1585.00000000000        84480.5146445397     
   1595.00000000000        84381.8162009401     
   1605.00000000000        84283.2129980608     
